	Classifier	Threshold	FAR	FRR
0	"[[0]
 [1]
 [2]
 [8]]"	18740.15	9.9610468009022e-05	0.1577999255937812
1	"[[0]
 [1]
 [2]
 [9]]"	18979.68	9.9610468009022e-05	0.16625873783556225
2	"[[ 0]
 [ 1]
 [ 2]
 [10]]"	18499.730000000003	9.9610468009022e-05	0.15666425172798654
3	"[[ 0]
 [ 1]
 [ 2]
 [11]]"	18756.89	9.9610468009022e-05	0.1631845861643594
4	"[[0]
 [1]
 [2]]"	14746.189999999999	9.9610468009022e-05	0.21910673376280082
5	"[[0]
 [1]
 [3]
 [8]]"	18824.34	9.9610468009022e-05	0.15496074092929452
6	"[[0]
 [1]
 [3]
 [9]]"	19047.269999999997	9.9610468009022e-05	0.1626559103992481
7	"[[ 0]
 [ 1]
 [ 3]
 [10]]"	18605.829999999998	9.9610468009022e-05	0.15529361085547572
8	"[[ 0]
 [ 1]
 [ 3]
 [11]]"	18857.85	9.9610468009022e-05	0.16177478412406257
9	"[[0]
 [1]
 [3]]"	14819.05	9.9610468009022e-05	0.22098646981652992
10	"[[0]
 [1]
 [4]]"	14795.79	9.9610468009022e-05	0.22460887783673708
11	"[[0]
 [1]
 [5]]"	14878.3	9.9610468009022e-05	0.22850541403144642
12	"[[0]
 [1]
 [6]
 [7]]"	19526.6	9.9610468009022e-05	0.1611286248555932
13	"[[0]
 [1]
 [6]
 [8]]"	18685.19	9.9610468009022e-05	0.13273677821072624
14	"[[0]
 [1]
 [6]
 [9]]"	18924.539999999997	9.9610468009022e-05	0.13788647177458832
15	"[[ 0]
 [ 1]
 [ 6]
 [10]]"	18570.61	9.9610468009022e-05	0.1370249260832958
16	"[[ 0]
 [ 1]
 [ 6]
 [11]]"	18796.879999999997	9.9610468009022e-05	0.13972704666053143
17	"[[0]
 [1]
 [6]]"	14651.380000000001	9.9610468009022e-05	0.17258326643300503
18	"[[0]
 [1]
 [7]
 [8]]"	18773.719999999998	9.9610468009022e-05	0.13430322492216717
19	"[[0]
 [1]
 [7]
 [9]]"	19024.58	9.9610468009022e-05	0.14148929921090247
20	"[[ 0]
 [ 1]
 [ 7]
 [10]]"	18654.6	9.9610468009022e-05	0.14011865833839166
21	"[[ 0]
 [ 1]
 [ 7]
 [11]]"	18897.47	9.9610468009022e-05	0.14452428971431927
22	"[[0]
 [1]
 [7]]"	14742.77	9.9610468009022e-05	0.18464490611110024
23	"[[ 0]
 [ 1]
 [ 8]
 [ 9]
 [10]]"	22306.3	9.9610468009022e-05	0.10722327739813202
24	"[[ 0]
 [ 1]
 [ 8]
 [ 9]
 [11]]"	22573.47	9.9610468009022e-05	0.11110023300894832
25	"[[0]
 [1]
 [8]
 [9]]"	18638.57	9.9610468009022e-05	0.14291868183509232
26	"[[ 0]
 [ 1]
 [ 8]
 [10]
 [11]]"	22358.289999999997	9.9610468009022e-05	0.11891288598225999
27	"[[ 0]
 [ 1]
 [ 8]
 [10]]"	17877.269999999997	9.9610468009022e-05	0.11564292847212704
28	"[[ 0]
 [ 1]
 [ 8]
 [11]]"	18124.92	9.9610468009022e-05	0.11895204715004601
29	"[[ 0]
 [ 1]
 [ 8]
 [12]]"	18825.67	9.9610468009022e-05	0.12819408274754754
30	"[[ 0]
 [ 1]
 [ 8]
 [13]]"	18862.49	9.9610468009022e-05	0.13160110434493155
31	"[[0]
 [1]
 [8]]"	14096.14	9.9610468009022e-05	0.15419709815746704
32	"[[ 0]
 [ 1]
 [ 9]
 [10]
 [11]]"	22644.910000000003	9.9610468009022e-05	0.12672553895557165
33	"[[ 0]
 [ 1]
 [ 9]
 [10]]"	18100.480000000003	9.9610468009022e-05	0.12075346086820309
34	"[[ 0]
 [ 1]
 [ 9]
 [11]]"	18352.260000000002	9.9610468009022e-05	0.12404299896222905
35	"[[ 0]
 [ 1]
 [ 9]
 [12]]"	19059.92	9.9610468009022e-05	0.13256055295568914
36	"[[ 0]
 [ 1]
 [ 9]
 [13]]"	19106.24	9.9610468009022e-05	0.137357796009477
37	"[[0]
 [1]
 [9]]"	14315.17	9.9610468009022e-05	0.16422235711068905
38	"[[ 0]
 [ 1]
 [10]
 [11]]"	18609.489999999998	9.9610468009022e-05	0.17078185271484797
39	"[[ 0]
 [ 1]
 [10]
 [12]]"	18684.48	9.9610468009022e-05	0.13093536449256918
40	"[[ 0]
 [ 1]
 [10]
 [13]]"	18706.18	9.9610468009022e-05	0.13459693368056236
41	"[[ 0]
 [ 1]
 [10]]"	13960.07	9.9610468009022e-05	0.16443774353351218
42	"[[ 0]
 [ 1]
 [11]
 [12]]"	18894.19	9.9610468009022e-05	0.1328151005462983
43	"[[ 0]
 [ 1]
 [11]
 [13]]"	18956.36	9.9610468009022e-05	0.13912004855984805
44	"[[ 0]
 [ 1]
 [11]]"	14177.34	9.9610468009022e-05	0.16864756907050968
45	"[[ 0]
 [ 1]
 [12]]"	14788.67	9.9610468009022e-05	0.1640069706878659
46	"[[ 0]
 [ 1]
 [13]]"	14834.61	9.9610468009022e-05	0.17810499109083433
47	"[[0]
 [1]]"	10052.27	9.9610468009022e-05	0.2530790468171761
48	"[[0]
 [2]
 [3]]"	14718.27	9.9610468009022e-05	0.21947876485676804
49	"[[0]
 [2]
 [4]]"	14529.99	9.9610468009022e-05	0.20722131933974272
50	"[[0]
 [2]
 [5]]"	14614.8	9.9610468009022e-05	0.20914021656125786
51	"[[0]
 [2]
 [6]
 [7]]"	19233.06	9.9610468009022e-05	0.15400129231853693
52	"[[0]
 [2]
 [6]
 [8]]"	18423.010000000002	9.9610468009022e-05	0.1311703314992853
53	"[[0]
 [2]
 [6]
 [9]]"	18683.980000000003	9.9610468009022e-05	0.1369857649155098
54	"[[ 0]
 [ 2]
 [ 6]
 [10]]"	18271.09	9.9610468009022e-05	0.1319927160227918
55	"[[ 0]
 [ 2]
 [ 6]
 [11]]"	18506.989999999998	9.9610468009022e-05	0.1358696716336081
56	"[[0]
 [2]
 [6]]"	14332.64	9.9610468009022e-05	0.16016917624483562
57	"[[0]
 [2]
 [7]
 [8]]"	18561.38	9.9610468009022e-05	0.13543889878796186
58	"[[0]
 [2]
 [7]
 [9]]"	18795.82	9.9610468009022e-05	0.14099978461357718
59	"[[ 0]
 [ 2]
 [ 7]
 [10]]"	18364.65	9.9610468009022e-05	0.1353409958684968
60	"[[ 0]
 [ 2]
 [ 7]
 [11]]"	18614.61	9.9610468009022e-05	0.13984453016388948
61	"[[0]
 [2]
 [7]]"	14446.929999999998	9.9610468009022e-05	0.17042940220477373
62	"[[0]
 [2]
 [8]
 [9]]"	18425.730000000003	9.9610468009022e-05	0.14329071292905954
63	"[[ 0]
 [ 2]
 [ 8]
 [10]]"	17658.16	9.9610468009022e-05	0.11771847036478628
64	"[[ 0]
 [ 2]
 [ 8]
 [11]]"	17863.79	9.9610468009022e-05	0.1191086918211901
65	"[[0]
 [2]
 [8]]"	13857.970000000001	9.9610468009022e-05	0.15171036400305457
66	"[[ 0]
 [ 2]
 [ 9]
 [10]]"	17891.82	9.9610468009022e-05	0.12255487458636016
67	"[[ 0]
 [ 2]
 [ 9]
 [11]]"	18116.84	9.9610468009022e-05	0.12521783399580977
68	"[[0]
 [2]
 [9]]"	14099.039999999999	9.9610468009022e-05	0.16206849288245775
69	"[[ 0]
 [ 2]
 [10]
 [11]]"	18287.14	9.9610468009022e-05	0.15868105186896672
70	"[[ 0]
 [ 2]
 [10]]"	13684.81	9.9610468009022e-05	0.15570480311722895
71	"[[ 0]
 [ 2]
 [11]]"	13881.51	9.9610468009022e-05	0.15885727712400383
72	"[[ 0]
 [ 2]
 [12]]"	14573.41	9.9610468009022e-05	0.16246010456031798
73	"[[ 0]
 [ 2]
 [13]]"	14601.9	9.9610468009022e-05	0.17254410526521902
74	"[[0]
 [2]]"	9758.86	9.9610468009022e-05	0.2151122946486264
75	"[[0]
 [3]
 [4]]"	14583.170000000002	9.9610468009022e-05	0.2050087133598324
76	"[[0]
 [3]
 [5]]"	14656.29	9.9610468009022e-05	0.20588983963501792
77	"[[0]
 [3]
 [6]
 [7]]"	19330.66	9.9610468009022e-05	0.1525914902782401
78	"[[0]
 [3]
 [6]
 [8]]"	18499.18	9.9610468009022e-05	0.12699966713007382
79	"[[0]
 [3]
 [6]
 [9]]"	18761.25	9.9610468009022e-05	0.13269761704294022
80	"[[ 0]
 [ 3]
 [ 6]
 [10]]"	18383.2	9.9610468009022e-05	0.13007381880127666
81	"[[ 0]
 [ 3]
 [ 6]
 [11]]"	18633.7	9.9610468009022e-05	0.13428364433827417
82	"[[0]
 [3]
 [6]]"	14450.28	9.9610468009022e-05	0.16016917624483562
83	"[[0]
 [3]
 [7]
 [8]]"	18642.49	9.9610468009022e-05	0.13120949266707133
84	"[[0]
 [3]
 [7]
 [9]]"	18858.730000000003	9.9610468009022e-05	0.13528225411681777
85	"[[ 0]
 [ 3]
 [ 7]
 [10]]"	18488.11	9.9610468009022e-05	0.13348084039866068
86	"[[ 0]
 [ 3]
 [ 7]
 [11]]"	18693.670000000002	9.9610468009022e-05	0.13496896477452958
87	"[[0]
 [3]
 [7]]"	14527.88	9.9610468009022e-05	0.16710070294296175
88	"[[0]
 [3]
 [8]
 [9]]"	18506.08	9.9610468009022e-05	0.13921795147931312
89	"[[ 0]
 [ 3]
 [ 8]
 [10]]"	17752.52	9.9610468009022e-05	0.11313661373382154
90	"[[ 0]
 [ 3]
 [ 8]
 [11]]"	17976.34	9.9610468009022e-05	0.11519257504258777
91	"[[0]
 [3]
 [8]]"	13922.779999999999	9.9610468009022e-05	0.14614947817743926
92	"[[ 0]
 [ 3]
 [ 9]
 [10]]"	17992.24	9.9610468009022e-05	0.11846253255272073
93	"[[ 0]
 [ 3]
 [ 9]
 [11]]"	18236.21	9.9610468009022e-05	0.12181081239842573
94	"[[0]
 [3]
 [9]]"	14143.629999999997	9.9610468009022e-05	0.1545887098353273
95	"[[ 0]
 [ 3]
 [10]
 [11]]"	18429.050000000003	9.9610468009022e-05	0.16161813945291847
96	"[[ 0]
 [ 3]
 [10]]"	13790.73	9.9610468009022e-05	0.15406003407021598
97	"[[ 0]
 [ 3]
 [11]]"	13984.92	9.9610468009022e-05	0.15646844588905642
98	"[[ 0]
 [ 3]
 [12]]"	14670.52	9.9610468009022e-05	0.16007127332537055
99	"[[ 0]
 [ 3]
 [13]]"	14670.490000000002	9.9610468009022e-05	0.16706154177517574
100	"[[0]
 [3]]"	9837.279999999999	9.9610468009022e-05	0.21873470266883357
101	"[[0]
 [4]
 [5]]"	14701.279999999999	9.9610468009022e-05	0.21767735113861095
102	"[[0]
 [4]
 [6]
 [8]]"	18425.91	9.9610468009022e-05	0.12719547296900394
103	"[[0]
 [4]
 [6]
 [9]]"	18665.31	9.9610468009022e-05	0.13185565193554072
104	"[[ 0]
 [ 4]
 [ 6]
 [10]]"	18353.04	9.9610468009022e-05	0.13185565193554072
105	"[[ 0]
 [ 4]
 [ 6]
 [11]]"	18538.16	9.9610468009022e-05	0.1321689412778289
106	"[[0]
 [4]
 [6]]"	14387.45	9.9610468009022e-05	0.1602866597481937
107	"[[0]
 [4]
 [7]
 [8]]"	18549.17	9.9610468009022e-05	0.13044584989524388
108	"[[0]
 [4]
 [7]
 [9]]"	18799.92	9.9610468009022e-05	0.1366724755732216
109	"[[ 0]
 [ 4]
 [ 7]
 [10]]"	18464.53	9.9610468009022e-05	0.13645708915039848
110	"[[ 0]
 [ 4]
 [ 7]
 [11]]"	18678.7	9.9610468009022e-05	0.13845430870748565
111	"[[0]
 [4]
 [7]]"	14484.490000000002	9.9610468009022e-05	0.16905876133226294
112	"[[0]
 [4]
 [8]
 [9]]"	18371.85	9.9610468009022e-05	0.1359871551369662
113	"[[ 0]
 [ 4]
 [ 8]
 [10]]"	17606.94	9.9610468009022e-05	0.1100428814787257
114	"[[ 0]
 [ 4]
 [ 8]
 [11]]"	17888.94	9.9610468009022e-05	0.11446809343854633
115	"[[0]
 [4]
 [8]]"	13836.73	9.9610468009022e-05	0.14501380431164457
116	"[[ 0]
 [ 4]
 [ 9]
 [10]]"	17893.17	9.9610468009022e-05	0.11685692467349376
117	"[[ 0]
 [ 4]
 [ 9]
 [11]]"	18124.71	9.9610468009022e-05	0.1190891112372971
118	"[[0]
 [4]
 [9]]"	14068.920000000002	9.9610468009022e-05	0.15402087290242994
119	"[[ 0]
 [ 4]
 [10]
 [11]]"	18350.88	9.9610468009022e-05	0.1600908539092636
120	"[[ 0]
 [ 4]
 [10]]"	13712.55	9.9610468009022e-05	0.15233694268763096
121	"[[ 0]
 [ 4]
 [11]]"	13928.279999999999	9.9610468009022e-05	0.15633138180180534
122	"[[ 0]
 [ 4]
 [12]]"	14546.79	9.9610468009022e-05	0.1554502555266198
123	"[[ 0]
 [ 4]
 [13]]"	14593.619999999999	9.9610468009022e-05	0.16588670674159503
124	"[[0]
 [4]]"	9798.869999999999	9.9610468009022e-05	0.2208102445614928
125	"[[0]
 [5]
 [6]
 [8]]"	18557.56	9.9610468009022e-05	0.1259814767676372
126	"[[0]
 [5]
 [6]
 [9]]"	18765.85	9.9610468009022e-05	0.12925143427777017
127	"[[ 0]
 [ 5]
 [ 6]
 [10]]"	18468.65	9.9610468009022e-05	0.13052417223081592
128	"[[ 0]
 [ 5]
 [ 6]
 [11]]"	18658.71	9.9610468009022e-05	0.13073955865363907
129	"[[0]
 [5]
 [6]]"	14480.3	9.9610468009022e-05	0.15870063245285976
130	"[[0]
 [5]
 [7]
 [8]]"	18657.670000000002	9.9610468009022e-05	0.12858569442540776
131	"[[0]
 [5]
 [7]
 [9]]"	18887.77	9.9610468009022e-05	0.13312838988858647
132	"[[ 0]
 [ 5]
 [ 7]
 [10]]"	18559.02	9.9610468009022e-05	0.134009516163772
133	"[[ 0]
 [ 5]
 [ 7]
 [11]]"	18779.48	9.9610468009022e-05	0.135713026962464
134	"[[0]
 [5]
 [7]]"	14572.21	9.9610468009022e-05	0.16657202717785044
135	"[[0]
 [5]
 [8]
 [9]]"	18502.57	9.9610468009022e-05	0.1358696716336081
136	"[[ 0]
 [ 5]
 [ 8]
 [10]]"	17731.85	9.9610468009022e-05	0.10765405024377826
137	"[[ 0]
 [ 5]
 [ 8]
 [11]]"	17974.82	9.9610468009022e-05	0.10994497855926064
138	"[[0]
 [5]
 [8]]"	13951.42	9.9610468009022e-05	0.1437214857747058
139	"[[ 0]
 [ 5]
 [ 9]
 [10]]"	17979.21	9.9610468009022e-05	0.11282332439153335
140	"[[ 0]
 [ 5]
 [ 9]
 [11]]"	18227.79	9.9610468009022e-05	0.11579957314327113
141	"[[0]
 [5]
 [9]]"	14159.78	9.9610468009022e-05	0.15059427072115292
142	"[[ 0]
 [ 5]
 [10]
 [11]]"	18506.41	9.9610468009022e-05	0.16441816294961917
143	"[[ 0]
 [ 5]
 [10]]"	13822.429999999998	9.9610468009022e-05	0.1527677155332772
144	"[[ 0]
 [ 5]
 [11]]"	14027.3	9.9610468009022e-05	0.15499990209708053
145	"[[ 0]
 [ 5]
 [12]]"	14623.310000000001	9.9610468009022e-05	0.15255232911045408
146	"[[ 0]
 [ 5]
 [13]]"	14671.81	9.9610468009022e-05	0.16216639580192282
147	"[[0]
 [5]]"	9871.810000000001	9.9610468009022e-05	0.22419768557498385
148	"[[0]
 [6]
 [7]
 [8]
 [9]]"	23139.649999999998	9.9610468009022e-05	0.11505551095533668
149	"[[ 0]
 [ 6]
 [ 7]
 [ 8]
 [10]]"	22570.39	9.9610468009022e-05	0.10348338587456678
150	"[[ 0]
 [ 6]
 [ 7]
 [ 8]
 [11]]"	22806.06	9.9610468009022e-05	0.10506941316990073
151	"[[0]
 [6]
 [7]
 [8]]"	18681.86	9.9610468009022e-05	0.12190871531789078
152	"[[ 0]
 [ 6]
 [ 7]
 [ 9]
 [10]]"	22816.890000000003	9.9610468009022e-05	0.10710579389477394
153	"[[ 0]
 [ 6]
 [ 7]
 [ 9]
 [11]]"	23075.57	9.9610468009022e-05	0.10925965812300523
154	"[[0]
 [6]
 [7]
 [9]]"	18903.300000000003	9.9610468009022e-05	0.12574650976092108
155	"[[ 0]
 [ 6]
 [ 7]
 [10]
 [11]]"	23152.04	9.9610468009022e-05	0.1315032014254665
156	"[[ 0]
 [ 6]
 [ 7]
 [10]]"	18625.170000000002	9.9610468009022e-05	0.12927101486166317
157	"[[ 0]
 [ 6]
 [ 7]
 [11]]"	18856.260000000002	9.9610468009022e-05	0.13228642478118696
158	"[[ 0]
 [ 6]
 [ 7]
 [12]]"	19346.95	9.9610468009022e-05	0.12768498756632923
159	"[[ 0]
 [ 6]
 [ 7]
 [13]]"	19432.809999999998	9.9610468009022e-05	0.13367664623759082
160	"[[0]
 [6]
 [7]]"	14664.419999999998	9.9610468009022e-05	0.1574670556676
161	"[[ 0]
 [ 6]
 [ 8]
 [ 9]
 [10]]"	22098.06	9.9610468009022e-05	0.09498541246499971
162	"[[ 0]
 [ 6]
 [ 8]
 [ 9]
 [11]]"	22361.84	9.9610468009022e-05	0.09794208063284447
163	"[[0]
 [6]
 [8]
 [9]]"	18359.92	9.9610468009022e-05	0.11936323941179926
164	"[[ 0]
 [ 6]
 [ 8]
 [10]
 [11]]"	22150.24	9.9610468009022e-05	0.10371835288128292
165	"[[ 0]
 [ 6]
 [ 8]
 [10]]"	17634.4	9.9610468009022e-05	0.09780501654559338
166	"[[ 0]
 [ 6]
 [ 8]
 [11]]"	17917.91	9.9610468009022e-05	0.10191693916312584
167	"[[ 0]
 [ 6]
 [ 8]
 [12]]"	18517.15	9.9610468009022e-05	0.10824146776056862
168	"[[ 0]
 [ 6]
 [ 8]
 [13]]"	18581.690000000002	9.9610468009022e-05	0.10984707563979558
169	"[[0]
 [6]
 [8]]"	13788.66	9.9610468009022e-05	0.12069471911652406
170	"[[ 0]
 [ 6]
 [ 9]
 [10]
 [11]]"	22415.05	9.9610468009022e-05	0.10884846586125198
171	"[[ 0]
 [ 6]
 [ 9]
 [10]]"	17897.019999999997	9.9610468009022e-05	0.10224980908930704
172	"[[ 0]
 [ 6]
 [ 9]
 [11]]"	18147.16	9.9610468009022e-05	0.10448199565311038
173	"[[ 0]
 [ 6]
 [ 9]
 [12]]"	18747.8	9.9610468009022e-05	0.11119813592841339
174	"[[ 0]
 [ 6]
 [ 9]
 [13]]"	18809.43	9.9610468009022e-05	0.11278416322374733
175	"[[0]
 [6]
 [9]]"	14029.779999999999	9.9610468009022e-05	0.12635350786160443
176	"[[ 0]
 [ 6]
 [10]
 [11]]"	18395.85	9.9610468009022e-05	0.14240958665387402
177	"[[ 0]
 [ 6]
 [10]
 [12]]"	18403.52	9.9610468009022e-05	0.11002330089483268
178	"[[ 0]
 [ 6]
 [10]
 [13]]"	18480.32	9.9610468009022e-05	0.11311703314992853
179	"[[ 0]
 [ 6]
 [10]]"	13746.349999999999	9.9610468009022e-05	0.1311311703314993
180	"[[ 0]
 [ 6]
 [11]
 [12]]"	18638.28	9.9610468009022e-05	0.11186387578077578
181	"[[ 0]
 [ 6]
 [11]
 [13]]"	18683.43	9.9610468009022e-05	0.11425270701572321
182	"[[ 0]
 [ 6]
 [11]]"	13958.05	9.9610468009022e-05	0.13291300346576335
183	"[[ 0]
 [ 6]
 [12]]"	14453.92	9.9610468009022e-05	0.12874233909655186
184	"[[ 0]
 [ 6]
 [13]]"	14542.31	9.9610468009022e-05	0.1355368017074269
185	"[[0]
 [6]]"	9711.01	9.9610468009022e-05	0.16185310645963463
186	"[[ 0]
 [ 7]
 [ 8]
 [ 9]
 [10]]"	22205.050000000003	9.9610468009022e-05	0.09477002604217657
187	"[[ 0]
 [ 7]
 [ 8]
 [ 9]
 [11]]"	22477.399999999994	9.9610468009022e-05	0.0984903369818488
188	"[[0]
 [7]
 [8]
 [9]]"	18453.1	9.9610468009022e-05	0.12114507254606333
189	"[[ 0]
 [ 7]
 [ 8]
 [10]
 [11]]"	22271.43	9.9610468009022e-05	0.10563725010279806
190	"[[ 0]
 [ 7]
 [ 8]
 [10]]"	17760.0	9.9610468009022e-05	0.09921481858589024
191	"[[ 0]
 [ 7]
 [ 8]
 [11]]"	17982.86	9.9610468009022e-05	0.10019384778054082
192	"[[ 0]
 [ 7]
 [ 8]
 [12]]"	18641.04	9.9610468009022e-05	0.11012120381429774
193	"[[ 0]
 [ 7]
 [ 8]
 [13]]"	18676.64	9.9610468009022e-05	0.11045407374047894
194	"[[0]
 [7]
 [8]]"	13876.28	9.9610468009022e-05	0.12263319692193221
195	"[[ 0]
 [ 7]
 [ 9]
 [10]
 [11]]"	22535.32	9.9610468009022e-05	0.11141352235123651
196	"[[ 0]
 [ 7]
 [ 9]
 [10]]"	18004.95	9.9610468009022e-05	0.10307219361281353
197	"[[ 0]
 [ 7]
 [ 9]
 [11]]"	18236.79	9.9610468009022e-05	0.10424702864639424
198	"[[ 0]
 [ 7]
 [ 9]
 [12]]"	18877.379999999997	9.9610468009022e-05	0.11337158074053769
199	"[[ 0]
 [ 7]
 [ 9]
 [13]]"	18900.11	9.9610468009022e-05	0.11317577490160756
200	"[[0]
 [7]
 [9]]"	14099.939999999999	9.9610468009022e-05	0.1271171506334319
201	"[[ 0]
 [ 7]
 [10]
 [11]]"	18544.25	9.9610468009022e-05	0.15202365334534276
202	"[[ 0]
 [ 7]
 [10]
 [12]]"	18586.37	9.9610468009022e-05	0.11507509153922969
203	"[[ 0]
 [ 7]
 [10]
 [13]]"	18631.78	9.9610468009022e-05	0.11764014802921423
204	"[[ 0]
 [ 7]
 [10]]"	13858.0	9.9610468009022e-05	0.13708366783497483
205	"[[ 0]
 [ 7]
 [11]
 [12]]"	18774.86	9.9610468009022e-05	0.11466389927747646
206	"[[ 0]
 [ 7]
 [11]
 [13]]"	18802.53	9.9610468009022e-05	0.11599537898220125
207	"[[ 0]
 [ 7]
 [11]]"	14027.1	9.9610468009022e-05	0.1352039317812457
208	"[[ 0]
 [ 7]
 [12]]"	14562.420000000002	9.9610468009022e-05	0.13252139178790312
209	"[[ 0]
 [ 7]
 [13]]"	14596.42	9.9610468009022e-05	0.13659415323764953
210	"[[0]
 [7]]"	9768.68	9.9610468009022e-05	0.1681776350570774
211	"[[ 0]
 [ 8]
 [ 9]
 [10]
 [11]]"	21941.57	9.9610468009022e-05	0.10240645376045114
212	"[[ 0]
 [ 8]
 [ 9]
 [10]
 [12]]"	22178.0	9.9610468009022e-05	0.0907755869280022
213	"[[ 0]
 [ 8]
 [ 9]
 [10]
 [13]]"	22268.13	9.9610468009022e-05	0.09208748604883397
214	"[[ 0]
 [ 8]
 [ 9]
 [10]]"	17488.23	9.9610468009022e-05	0.09858823990131385
215	"[[ 0]
 [ 8]
 [ 9]
 [11]
 [12]]"	22441.789999999997	9.9610468009022e-05	0.09369309392806094
216	"[[ 0]
 [ 8]
 [ 9]
 [11]
 [13]]"	22538.1	9.9610468009022e-05	0.09541618531064597
217	"[[ 0]
 [ 8]
 [ 9]
 [11]]"	17756.989999999998	9.9610468009022e-05	0.10291554894166945
218	"[[ 0]
 [ 8]
 [ 9]
 [12]]"	18438.5	9.9610468009022e-05	0.11239255154588709
219	"[[ 0]
 [ 8]
 [ 9]
 [13]]"	18519.510000000002	9.9610468009022e-05	0.1169156664251728
220	"[[0]
 [8]
 [9]]"	13834.230000000001	9.9610468009022e-05	0.14111726811693526
221	"[[ 0]
 [ 8]
 [10]
 [11]
 [12]]"	22267.86	9.9610468009022e-05	0.10056587887450803
222	"[[ 0]
 [ 8]
 [10]
 [11]
 [13]]"	22330.04	9.9610468009022e-05	0.10236729259266511
223	"[[ 0]
 [ 8]
 [10]
 [11]]"	17660.09	9.9610468009022e-05	0.11901078890172505
224	"[[ 0]
 [ 8]
 [10]
 [12]]"	17730.27	9.9610468009022e-05	0.09300777349180553
225	"[[ 0]
 [ 8]
 [10]
 [13]]"	17810.1	9.9610468009022e-05	0.09437841436431635
226	"[[ 0]
 [ 8]
 [10]]"	13043.43	9.9610468009022e-05	0.10495192966654265
227	"[[ 0]
 [ 8]
 [11]
 [12]]"	17974.11	9.9610468009022e-05	0.09531828239118091
228	"[[ 0]
 [ 8]
 [11]
 [13]]"	18037.91	9.9610468009022e-05	0.0959840222435433
229	"[[ 0]
 [ 8]
 [11]]"	13282.46	9.9610468009022e-05	0.10665544046523467
230	"[[ 0]
 [ 8]
 [12]
 [13]]"	18980.21	9.9610468009022e-05	0.12085136378766814
231	"[[ 0]
 [ 8]
 [12]]"	13966.26	9.9610468009022e-05	0.11963736758630142
232	"[[ 0]
 [ 8]
 [13]]"	13961.689999999999	9.9610468009022e-05	0.11961778700240841
233	"[[0]
 [8]]"	9184.630000000001	9.9610468009022e-05	0.14295784300287834
234	"[[ 0]
 [ 9]
 [10]
 [11]
 [12]]"	22555.93	9.9610468009022e-05	0.10620508703569541
235	"[[ 0]
 [ 9]
 [10]
 [11]
 [13]]"	22608.649999999998	9.9610468009022e-05	0.10841769301560572
236	"[[ 0]
 [ 9]
 [10]
 [11]]"	17960.22	9.9610468009022e-05	0.12929059544555618
237	"[[ 0]
 [ 9]
 [10]
 [12]]"	18001.81	9.9610468009022e-05	0.09708053494155196
238	"[[ 0]
 [ 9]
 [10]
 [13]]"	18057.64	9.9610468009022e-05	0.09823578939123964
239	"[[ 0]
 [ 9]
 [10]]"	13287.96	9.9610468009022e-05	0.1110414912572693
240	"[[ 0]
 [ 9]
 [11]
 [12]]"	18237.12	9.9610468009022e-05	0.09862740106909988
241	"[[ 0]
 [ 9]
 [11]
 [13]]"	18289.55	9.9610468009022e-05	0.09976307493489456
242	"[[ 0]
 [ 9]
 [11]]"	13504.759999999998	9.9610468009022e-05	0.11080652425055315
243	"[[ 0]
 [ 9]
 [12]
 [13]]"	19237.879999999997	9.9610468009022e-05	0.12566818742534902
244	"[[ 0]
 [ 9]
 [12]]"	14183.970000000001	9.9610468009022e-05	0.12341642027765268
245	"[[ 0]
 [ 9]
 [13]]"	14197.01	9.9610468009022e-05	0.12433670772062423
246	"[[0]
 [9]]"	9356.05	9.9610468009022e-05	0.1462669616807973
247	"[[ 0]
 [10]
 [11]
 [12]]"	18447.01	9.9610468009022e-05	0.132325585948973
248	"[[ 0]
 [10]
 [11]
 [13]]"	18530.04	9.9610468009022e-05	0.140745237022968
249	"[[ 0]
 [10]
 [11]]"	13989.769999999999	9.9610468009022e-05	0.19243797850051889
250	"[[ 0]
 [10]
 [12]
 [13]]"	18858.52	9.9610468009022e-05	0.12349474261322473
251	"[[ 0]
 [10]
 [12]]"	13874.100000000002	9.9610468009022e-05	0.125648606841456
252	"[[ 0]
 [10]
 [13]]"	13918.95	9.9610468009022e-05	0.1308178809892111
253	"[[ 0]
 [10]]"	9178.7	9.9610468009022e-05	0.17058604687591783
254	"[[ 0]
 [11]
 [12]
 [13]]"	19092.690000000002	9.9610468009022e-05	0.12605979910320925
255	"[[ 0]
 [11]
 [12]]"	14073.84	9.9610468009022e-05	0.1261381214387813
256	"[[ 0]
 [11]
 [13]]"	14109.010000000002	9.9610468009022e-05	0.13023046347242076
257	"[[ 0]
 [11]]"	9299.79	9.9610468009022e-05	0.16355661725832665
258	"[[ 0]
 [12]
 [13]]"	14983.060000000001	9.9610468009022e-05	0.15433416224471813
259	"[[ 0]
 [12]]"	9873.42	9.9610468009022e-05	0.15521528851990365
260	"[[ 0]
 [13]]"	9874.32	9.9610468009022e-05	0.16302794149321534
261	[[0]]	5023.26	9.9610468009022e-05	0.2530790468171761
262	"[[1]
 [2]
 [3]]"	14801.989999999998	9.9610468009022e-05	0.22427600791055588
263	"[[1]
 [2]
 [4]]"	14583.65	9.9610468009022e-05	0.20749544751424487
264	"[[1]
 [2]
 [5]]"	14667.899999999998	9.9610468009022e-05	0.2103737933465176
265	"[[1]
 [2]
 [6]
 [7]]"	19313.239999999998	9.9610468009022e-05	0.1527481349493842
266	"[[1]
 [2]
 [6]
 [8]]"	18483.8	9.9610468009022e-05	0.12719547296900394
267	"[[1]
 [2]
 [6]
 [9]]"	18751.24	9.9610468009022e-05	0.13336335689530263
268	"[[ 1]
 [ 2]
 [ 6]
 [10]]"	18368.5	9.9610468009022e-05	0.13077871982142508
269	"[[ 1]
 [ 2]
 [ 6]
 [11]]"	18611.39	9.9610468009022e-05	0.13428364433827417
270	"[[1]
 [2]
 [6]]"	14412.369999999999	9.9610468009022e-05	0.15858314894950168
271	"[[1]
 [2]
 [7]
 [8]]"	18626.81	9.9610468009022e-05	0.13207103835836384
272	"[[1]
 [2]
 [7]
 [9]]"	18869.72	9.9610468009022e-05	0.13755360184840712
273	"[[ 1]
 [ 2]
 [ 7]
 [10]]"	18492.800000000003	9.9610468009022e-05	0.135673865794678
274	"[[ 1]
 [ 2]
 [ 7]
 [11]]"	18695.53	9.9610468009022e-05	0.13696618433161678
275	"[[1]
 [2]
 [7]]"	14506.220000000001	9.9610468009022e-05	0.16759021754028705
276	"[[1]
 [2]
 [8]
 [9]]"	18543.190000000002	9.9610468009022e-05	0.14415225862035205
277	"[[ 1]
 [ 2]
 [ 8]
 [10]]"	17736.67	9.9610468009022e-05	0.1140764817606861
278	"[[ 1]
 [ 2]
 [ 8]
 [11]]"	17966.710000000003	9.9610468009022e-05	0.11621076540502438
279	"[[1]
 [2]
 [8]]"	13972.149999999998	9.9610468009022e-05	0.15219987860037987
280	"[[ 1]
 [ 2]
 [ 9]
 [10]]"	17997.65	9.9610468009022e-05	0.12045975210980792
281	"[[ 1]
 [ 2]
 [ 9]
 [11]]"	18220.08	9.9610468009022e-05	0.12284858334475535
282	"[[1]
 [2]
 [9]]"	14174.530000000002	9.9610468009022e-05	0.15954259756025924
283	"[[ 1]
 [ 2]
 [10]
 [11]]"	18434.94	9.9610468009022e-05	0.16306710266100136
284	"[[ 1]
 [ 2]
 [10]]"	13776.66	9.9610468009022e-05	0.1547453545064714
285	"[[ 1]
 [ 2]
 [11]]"	13992.82	9.9610468009022e-05	0.15958175872804528
286	"[[ 1]
 [ 2]
 [12]]"	14667.05	9.9610468009022e-05	0.16261674923146208
287	"[[ 1]
 [ 2]
 [13]]"	14692.34	9.9610468009022e-05	0.17254410526521902
288	"[[1]
 [2]]"	9817.849999999999	9.9610468009022e-05	0.2179123181453271
289	"[[1]
 [3]
 [4]]"	14637.82	9.9610468009022e-05	0.2053611638699066
290	"[[1]
 [3]
 [5]]"	14723.65	9.9610468009022e-05	0.20808286503103524
291	"[[1]
 [3]
 [6]
 [7]]"	19423.82	9.9610468009022e-05	0.15133833290908735
292	"[[1]
 [3]
 [6]
 [8]]"	18597.15	9.9610468009022e-05	0.12492412523741458
293	"[[1]
 [3]
 [6]
 [9]]"	18828.329999999998	9.9610468009022e-05	0.12885982259990994
294	"[[ 1]
 [ 3]
 [ 6]
 [10]]"	18482.82	9.9610468009022e-05	0.12809617982808247
295	"[[ 1]
 [ 3]
 [ 6]
 [11]]"	18710.4	9.9610468009022e-05	0.13028920522409979
296	"[[1]
 [3]
 [6]]"	14503.05	9.9610468009022e-05	0.15552857786219185
297	"[[1]
 [3]
 [7]
 [8]]"	18705.39	9.9610468009022e-05	0.12735211764014803
298	"[[1]
 [3]
 [7]
 [9]]"	18928.56	9.9610468009022e-05	0.1312878150026434
299	"[[ 1]
 [ 3]
 [ 7]
 [10]]"	18583.920000000002	9.9610468009022e-05	0.1312878150026434
300	"[[ 1]
 [ 3]
 [ 7]
 [11]]"	18791.91	9.9610468009022e-05	0.13293258404965635
301	"[[1]
 [3]
 [7]]"	14576.44	9.9610468009022e-05	0.1614614947817744
302	"[[1]
 [3]
 [8]
 [9]]"	18620.72	9.9610468009022e-05	0.13955082140549432
303	"[[ 1]
 [ 3]
 [ 8]
 [10]]"	17870.85	9.9610468009022e-05	0.11115897476062736
304	"[[ 1]
 [ 3]
 [ 8]
 [11]]"	18083.28	9.9610468009022e-05	0.11207926220359891
305	"[[1]
 [3]
 [8]]"	14038.060000000001	9.9610468009022e-05	0.14654108985529948
306	"[[ 1]
 [ 3]
 [ 9]
 [10]]"	18089.93	9.9610468009022e-05	0.11523173621037379
307	"[[ 1]
 [ 3]
 [ 9]
 [11]]"	18333.010000000002	9.9610468009022e-05	0.11822756554600458
308	"[[1]
 [3]
 [9]]"	14227.93	9.9610468009022e-05	0.15104462415069217
309	"[[ 1]
 [ 3]
 [10]
 [11]]"	18596.58	9.9610468009022e-05	0.16845176323157957
310	"[[ 1]
 [ 3]
 [10]]"	13915.68	9.9610468009022e-05	0.15687963815080966
311	"[[ 1]
 [ 3]
 [11]]"	14095.169999999998	9.9610468009022e-05	0.15691879931859568
312	"[[ 1]
 [ 3]
 [12]]"	14747.609999999999	9.9610468009022e-05	0.15817195668774842
313	"[[ 1]
 [ 3]
 [13]]"	14738.01	9.9610468009022e-05	0.16412445419122398
314	"[[1]
 [3]]"	9862.720000000001	9.9610468009022e-05	0.2159346791721329
315	"[[1]
 [4]
 [5]]"	14742.82	9.9610468009022e-05	0.21728573946075072
316	"[[1]
 [4]
 [6]
 [8]]"	18506.02	9.9610468009022e-05	0.12365138728436882
317	"[[1]
 [4]
 [6]
 [9]]"	18745.77	9.9610468009022e-05	0.12821366333144055
318	"[[ 1]
 [ 4]
 [ 6]
 [10]]"	18426.51	9.9610468009022e-05	0.12838988858647765
319	"[[ 1]
 [ 4]
 [ 6]
 [11]]"	18652.809999999998	9.9610468009022e-05	0.130641655734174
320	"[[1]
 [4]
 [6]]"	14452.82	9.9610468009022e-05	0.15689921873470267
321	"[[1]
 [4]
 [7]
 [8]]"	18606.170000000002	9.9610468009022e-05	0.12574650976092108
322	"[[1]
 [4]
 [7]
 [9]]"	18845.44	9.9610468009022e-05	0.13091578390867617
323	"[[ 1]
 [ 4]
 [ 7]
 [10]]"	18507.93	9.9610468009022e-05	0.13136613733821542
324	"[[ 1]
 [ 4]
 [ 7]
 [11]]"	18770.489999999998	9.9610468009022e-05	0.13575218813025006
325	"[[1]
 [4]
 [7]]"	14540.0	9.9610468009022e-05	0.16441816294961917
326	"[[1]
 [4]
 [8]
 [9]]"	18474.489999999998	9.9610468009022e-05	0.13432280550606018
327	"[[ 1]
 [ 4]
 [ 8]
 [10]]"	17725.57	9.9610468009022e-05	0.10741908323706213
328	"[[ 1]
 [ 4]
 [ 8]
 [11]]"	17970.870000000003	9.9610468009022e-05	0.11027784848544184
329	"[[1]
 [4]
 [8]]"	13921.189999999999	9.9610468009022e-05	0.142390006069981
330	"[[ 1]
 [ 4]
 [ 9]
 [10]]"	17985.960000000003	9.9610468009022e-05	0.11299954964657045
331	"[[ 1]
 [ 4]
 [ 9]
 [11]]"	18204.269999999997	9.9610468009022e-05	0.11419396526404417
332	"[[1]
 [4]
 [9]]"	14116.829999999998	9.9610468009022e-05	0.14765718313720116
333	"[[ 1]
 [ 4]
 [10]
 [11]]"	18481.86	9.9610468009022e-05	0.16326290849993147
334	"[[ 1]
 [ 4]
 [10]]"	13801.55	9.9610468009022e-05	0.15231736210373795
335	"[[ 1]
 [ 4]
 [11]]"	14003.08	9.9610468009022e-05	0.15321806896281648
336	"[[ 1]
 [ 4]
 [12]]"	14601.77	9.9610468009022e-05	0.15155371933191047
337	"[[ 1]
 [ 4]
 [13]]"	14643.5	9.9610468009022e-05	0.16073701317773295
338	"[[1]
 [4]]"	9823.01	9.9610468009022e-05	0.2184214133265454
339	"[[1]
 [5]
 [6]
 [8]]"	18622.57	9.9610468009022e-05	0.1211059113782773
340	"[[1]
 [5]
 [6]
 [9]]"	18873.47	9.9610468009022e-05	0.12686260304282274
341	"[[ 1]
 [ 5]
 [ 6]
 [10]]"	18558.94	9.9610468009022e-05	0.12874233909655186
342	"[[ 1]
 [ 5]
 [ 6]
 [11]]"	18775.190000000002	9.9610468009022e-05	0.1295059818683793
343	"[[1]
 [5]
 [6]]"	14554.0	9.9610468009022e-05	0.15566564194944293
344	"[[1]
 [5]
 [7]
 [8]]"	18695.690000000002	9.9610468009022e-05	0.12165416772728163
345	"[[1]
 [5]
 [7]
 [9]]"	18941.410000000003	9.9610468009022e-05	0.12741085939182706
346	"[[ 1]
 [ 5]
 [ 7]
 [10]]"	18650.739999999998	9.9610468009022e-05	0.1316598460966106
347	"[[ 1]
 [ 5]
 [ 7]
 [11]]"	18857.949999999997	9.9610468009022e-05	0.13218852186172192
348	"[[1]
 [5]
 [7]]"	14619.66	9.9610468009022e-05	0.160815335513305
349	"[[1]
 [5]
 [8]
 [9]]"	18605.65	9.9610468009022e-05	0.1346752560161344
350	"[[ 1]
 [ 5]
 [ 8]
 [10]]"	17851.41	9.9610468009022e-05	0.10551976659944
351	"[[ 1]
 [ 5]
 [ 8]
 [11]]"	18086.11	9.9610468009022e-05	0.10702747155920189
352	"[[1]
 [5]
 [8]]"	14006.32	9.9610468009022e-05	0.13839556695580663
353	"[[ 1]
 [ 5]
 [ 9]
 [10]]"	18089.2	9.9610468009022e-05	0.10955336688140041
354	"[[ 1]
 [ 5]
 [ 9]
 [11]]"	18319.05	9.9610468009022e-05	0.11063029899551605
355	"[[1]
 [5]
 [9]]"	14225.36	9.9610468009022e-05	0.14485715964050047
356	"[[ 1]
 [ 5]
 [10]
 [11]]"	18671.74	9.9610468009022e-05	0.17226997709071684
357	"[[ 1]
 [ 5]
 [10]]"	13927.39	9.9610468009022e-05	0.1534334553856396
358	"[[ 1]
 [ 5]
 [11]]"	14108.25	9.9610468009022e-05	0.15235652327152396
359	"[[ 1]
 [ 5]
 [12]]"	14701.430000000002	9.9610468009022e-05	0.14928237160032112
360	"[[ 1]
 [ 5]
 [13]]"	14716.7	9.9610468009022e-05	0.15599851187562414
361	"[[1]
 [5]]"	9888.939999999999	9.9610468009022e-05	0.2200857629574514
362	"[[1]
 [6]
 [7]
 [8]
 [9]]"	23266.77	9.9610468009022e-05	0.11450725460633236
363	"[[ 1]
 [ 6]
 [ 7]
 [ 8]
 [10]]"	22668.47	9.9610468009022e-05	0.10164281098862368
364	"[[ 1]
 [ 6]
 [ 7]
 [ 8]
 [11]]"	22894.890000000003	9.9610468009022e-05	0.1025239372638092
365	"[[1]
 [6]
 [7]
 [8]]"	18773.46	9.9610468009022e-05	0.11932407824401324
366	"[[ 1]
 [ 6]
 [ 7]
 [ 9]
 [10]]"	22909.230000000003	9.9610468009022e-05	0.10414912572692918
367	"[[ 1]
 [ 6]
 [ 7]
 [ 9]
 [11]]"	23156.19	9.9610468009022e-05	0.10642047345851853
368	"[[1]
 [6]
 [7]
 [9]]"	19005.39	9.9610468009022e-05	0.12374929020383388
369	"[[ 1]
 [ 6]
 [ 7]
 [10]
 [11]]"	23282.420000000002	9.9610468009022e-05	0.13240390828454504
370	"[[ 1]
 [ 6]
 [ 7]
 [10]]"	18764.780000000002	9.9610468009022e-05	0.1296430459556304
371	"[[ 1]
 [ 6]
 [ 7]
 [11]]"	18959.87	9.9610468009022e-05	0.13060249456638798
372	"[[ 1]
 [ 6]
 [ 7]
 [12]]"	19426.41	9.9610468009022e-05	0.12488496406962855
373	"[[ 1]
 [ 6]
 [ 7]
 [13]]"	19520.43	9.9610468009022e-05	0.1311703314992853
374	"[[1]
 [6]
 [7]]"	14744.300000000001	9.9610468009022e-05	0.15588102837226606
375	"[[ 1]
 [ 6]
 [ 8]
 [ 9]
 [10]]"	22208.39	9.9610468009022e-05	0.09292945115623348
376	"[[ 1]
 [ 6]
 [ 8]
 [ 9]
 [11]]"	22444.950000000004	9.9610468009022e-05	0.0946329619549255
377	"[[1]
 [6]
 [8]
 [9]]"	18496.480000000003	9.9610468009022e-05	0.11963736758630142
378	"[[ 1]
 [ 6]
 [ 8]
 [10]
 [11]]"	22281.55	9.9610468009022e-05	0.10356170821013883
379	"[[ 1]
 [ 6]
 [ 8]
 [10]]"	17755.4	9.9610468009022e-05	0.09563157173346909
380	"[[ 1]
 [ 6]
 [ 8]
 [11]]"	18001.65	9.9610468009022e-05	0.09776585537780737
381	"[[ 1]
 [ 6]
 [ 8]
 [12]]"	18636.68	9.9610468009022e-05	0.10681208513637877
382	"[[ 1]
 [ 6]
 [ 8]
 [13]]"	18673.54	9.9610468009022e-05	0.10681208513637877
383	"[[1]
 [6]
 [8]]"	13875.16	9.9610468009022e-05	0.11701356934463786
384	"[[ 1]
 [ 6]
 [ 9]
 [10]
 [11]]"	22555.11	9.9610468009022e-05	0.108868046445145
385	"[[ 1]
 [ 6]
 [ 9]
 [10]]"	18014.09	9.9610468009022e-05	0.09962601084764347
386	"[[ 1]
 [ 6]
 [ 9]
 [11]]"	18246.03	9.9610468009022e-05	0.10072252354565213
387	"[[ 1]
 [ 6]
 [ 9]
 [12]]"	18860.22	9.9610468009022e-05	0.10908343286796812
388	"[[ 1]
 [ 6]
 [ 9]
 [13]]"	18918.43	9.9610468009022e-05	0.11033659023712088
389	"[[1]
 [6]
 [9]]"	14106.150000000001	9.9610468009022e-05	0.12100800845881224
390	"[[ 1]
 [ 6]
 [10]
 [11]]"	18534.11	9.9610468009022e-05	0.14495506255996554
391	"[[ 1]
 [ 6]
 [10]
 [12]]"	18530.980000000003	9.9610468009022e-05	0.10833937068003367
392	"[[ 1]
 [ 6]
 [10]
 [13]]"	18577.48	9.9610468009022e-05	0.11092400775391122
393	"[[ 1]
 [ 6]
 [10]]"	13874.89	9.9610468009022e-05	0.1315032014254665
394	"[[ 1]
 [ 6]
 [11]
 [12]]"	18776.410000000003	9.9610468009022e-05	0.11125687768009242
395	"[[ 1]
 [ 6]
 [11]
 [13]]"	18780.739999999998	9.9610468009022e-05	0.11078694366666014
396	"[[ 1]
 [ 6]
 [11]]"	14084.43	9.9610468009022e-05	0.1328346811301913
397	"[[ 1]
 [ 6]
 [12]]"	14533.28	9.9610468009022e-05	0.12439544947230326
398	"[[ 1]
 [ 6]
 [13]]"	14588.470000000001	9.9610468009022e-05	0.12905562843884005
399	"[[1]
 [6]]"	9787.76	9.9610468009022e-05	0.15856356836560867
400	"[[ 1]
 [ 7]
 [ 8]
 [ 9]
 [10]]"	22324.57	9.9610468009022e-05	0.09310567641127059
401	"[[ 1]
 [ 7]
 [ 8]
 [ 9]
 [11]]"	22582.54	9.9610468009022e-05	0.0961406669146874
402	"[[1]
 [7]
 [8]
 [9]]"	18601.670000000002	9.9610468009022e-05	0.122261165827965
403	"[[ 1]
 [ 7]
 [ 8]
 [10]
 [11]]"	22441.77	9.9610468009022e-05	0.10694914922362984
404	"[[ 1]
 [ 7]
 [ 8]
 [10]]"	17855.39	9.9610468009022e-05	0.09551408823011102
405	"[[ 1]
 [ 7]
 [ 8]
 [11]]"	18100.96	9.9610468009022e-05	0.09741340486773316
406	"[[ 1]
 [ 7]
 [ 8]
 [12]]"	18741.42	9.9610468009022e-05	0.10730159973370405
407	"[[ 1]
 [ 7]
 [ 8]
 [13]]"	18762.32	9.9610468009022e-05	0.10706663272698792
408	"[[1]
 [7]
 [8]]"	13961.880000000001	9.9610468009022e-05	0.1187562413111159
409	"[[ 1]
 [ 7]
 [ 9]
 [10]
 [11]]"	22704.149999999998	9.9610468009022e-05	0.11294080789489143
410	"[[ 1]
 [ 7]
 [ 9]
 [10]]"	18112.72	9.9610468009022e-05	0.09939104384092734
411	"[[ 1]
 [ 7]
 [ 9]
 [11]]"	18333.739999999998	9.9610468009022e-05	0.09990013902214565
412	"[[ 1]
 [ 7]
 [ 9]
 [12]]"	18976.57	9.9610468009022e-05	0.1103757514049069
413	"[[ 1]
 [ 7]
 [ 9]
 [13]]"	18990.27	9.9610468009022e-05	0.10965126980086547
414	"[[1]
 [7]
 [9]]"	14174.46	9.9610468009022e-05	0.12061639678095201
415	"[[ 1]
 [ 7]
 [10]
 [11]]"	18676.43	9.9610468009022e-05	0.15595935070783812
416	"[[ 1]
 [ 7]
 [10]
 [12]]"	18671.18	9.9610468009022e-05	0.11170723110963168
417	"[[ 1]
 [ 7]
 [10]
 [13]]"	18682.260000000002	9.9610468009022e-05	0.11217716512306397
418	"[[ 1]
 [ 7]
 [10]]"	13977.62	9.9610468009022e-05	0.13745569892894205
419	"[[ 1]
 [ 7]
 [11]
 [12]]"	18899.2	9.9610468009022e-05	0.11297996906267745
420	"[[ 1]
 [ 7]
 [11]
 [13]]"	18897.27	9.9610468009022e-05	0.11249045446535216
421	"[[ 1]
 [ 7]
 [11]]"	14130.000000000002	9.9610468009022e-05	0.13252139178790312
422	"[[ 1]
 [ 7]
 [12]]"	14636.220000000001	9.9610468009022e-05	0.12782205165358032
423	"[[ 1]
 [ 7]
 [13]]"	14661.18	9.9610468009022e-05	0.13019130230463472
424	"[[1]
 [7]]"	9825.05	9.9610468009022e-05	0.16173562295627655
425	"[[ 1]
 [ 8]
 [ 9]
 [10]
 [11]]"	22126.8	9.9610468009022e-05	0.10414912572692918
426	"[[ 1]
 [ 8]
 [ 9]
 [10]
 [12]]"	22305.0	9.9610468009022e-05	0.08930704313602632
427	"[[ 1]
 [ 8]
 [ 9]
 [10]
 [13]]"	22384.5	9.9610468009022e-05	0.09007068590785378
428	"[[ 1]
 [ 8]
 [ 9]
 [10]]"	17619.14	9.9610468009022e-05	0.09772669421002134
429	"[[ 1]
 [ 8]
 [ 9]
 [11]
 [12]]"	22580.18	9.9610468009022e-05	0.09243993655890818
430	"[[ 1]
 [ 8]
 [ 9]
 [11]
 [13]]"	22640.950000000004	9.9610468009022e-05	0.09281196765287542
431	"[[ 1]
 [ 8]
 [ 9]
 [11]]"	17876.93	9.9610468009022e-05	0.10076168471343816
432	"[[ 1]
 [ 8]
 [ 9]
 [12]]"	18582.879999999997	9.9610468009022e-05	0.11249045446535216
433	"[[ 1]
 [ 8]
 [ 9]
 [13]]"	18646.620000000003	9.9610468009022e-05	0.11638699066006149
434	"[[1]
 [8]
 [9]]"	13995.41	9.9610468009022e-05	0.14546415774118385
435	"[[ 1]
 [ 8]
 [10]
 [11]
 [12]]"	22427.809999999998	9.9610468009022e-05	0.10072252354565213
436	"[[ 1]
 [ 8]
 [10]
 [11]
 [13]]"	22507.57	9.9610468009022e-05	0.10389457813632003
437	"[[ 1]
 [ 8]
 [10]
 [11]]"	17857.42	9.9610468009022e-05	0.12314229210315052
438	"[[ 1]
 [ 8]
 [10]
 [12]]"	17855.86	9.9610468009022e-05	0.09169587437097375
439	"[[ 1]
 [ 8]
 [10]
 [13]]"	17920.18	9.9610468009022e-05	0.09175461612265277
440	"[[ 1]
 [ 8]
 [10]]"	13173.01	9.9610468009022e-05	0.10279806543831137
441	"[[ 1]
 [ 8]
 [11]
 [12]]"	18078.35	9.9610468009022e-05	0.09247909772669421
442	"[[ 1]
 [ 8]
 [11]
 [13]]"	18134.95	9.9610468009022e-05	0.09202874429715494
443	"[[ 1]
 [ 8]
 [11]]"	13382.52	9.9610468009022e-05	0.10273932368663234
444	"[[ 1]
 [ 8]
 [12]
 [13]]"	19106.99	9.9610468009022e-05	0.1199114957608036
445	"[[ 1]
 [ 8]
 [12]]"	14035.880000000001	9.9610468009022e-05	0.11507509153922969
446	"[[ 1]
 [ 8]
 [13]]"	14068.720000000001	9.9610468009022e-05	0.11595621781441523
447	"[[1]
 [8]]"	9276.7	9.9610468009022e-05	0.14098020402968417
448	"[[ 1]
 [ 9]
 [10]
 [11]
 [12]]"	22700.14	9.9610468009022e-05	0.10626382878737443
449	"[[ 1]
 [ 9]
 [10]
 [11]
 [13]]"	22809.050000000003	9.9610468009022e-05	0.11111981359284134
450	"[[ 1]
 [ 9]
 [10]
 [11]]"	18127.87	9.9610468009022e-05	0.13314797047247948
451	"[[ 1]
 [ 9]
 [10]
 [12]]"	18122.63	9.9610468009022e-05	0.09518121830392982
452	"[[ 1]
 [ 9]
 [10]
 [13]]"	18193.84	9.9610468009022e-05	0.09623856983415245
453	"[[ 1]
 [ 9]
 [10]]"	13427.789999999999	9.9610468009022e-05	0.11051281549215798
454	"[[ 1]
 [ 9]
 [11]
 [12]]"	18343.28	9.9610468009022e-05	0.09637563392140354
455	"[[ 1]
 [ 9]
 [11]
 [13]]"	18401.780000000002	9.9610468009022e-05	0.09584695815629223
456	"[[ 1]
 [ 9]
 [11]]"	13617.220000000001	9.9610468009022e-05	0.10710579389477394
457	"[[ 1]
 [ 9]
 [12]
 [13]]"	19332.08	9.9610468009022e-05	0.12388635429108497
458	"[[ 1]
 [ 9]
 [12]]"	14254.85	9.9610468009022e-05	0.11824714612989759
459	"[[ 1]
 [ 9]
 [13]]"	14282.810000000001	9.9610468009022e-05	0.11934365882790625
460	"[[1]
 [9]]"	9455.529999999999	9.9610468009022e-05	0.14299700417066438
461	"[[ 1]
 [10]
 [11]
 [12]]"	18605.53	9.9610468009022e-05	0.13481232010338548
462	"[[ 1]
 [10]
 [11]
 [13]]"	18707.52	9.9610468009022e-05	0.1464040257680484
463	"[[ 1]
 [10]
 [11]]"	14203.289999999999	9.9610468009022e-05	0.21148988662841925
464	"[[ 1]
 [10]
 [12]
 [13]]"	18982.72	9.9610468009022e-05	0.12347516202933172
465	"[[ 1]
 [10]
 [12]]"	13986.48	9.9610468009022e-05	0.12425838538505218
466	"[[ 1]
 [10]
 [13]]"	14030.210000000001	9.9610468009022e-05	0.12938849836502125
467	"[[ 1]
 [10]]"	9324.42	9.9610468009022e-05	0.18284349239294315
468	"[[ 1]
 [11]
 [12]
 [13]]"	19222.75	9.9610468009022e-05	0.12605979910320925
469	"[[ 1]
 [11]
 [12]]"	14181.73	9.9610468009022e-05	0.12451293297566134
470	"[[ 1]
 [11]
 [13]]"	14228.900000000001	9.9610468009022e-05	0.128996886687161
471	"[[ 1]
 [11]]"	9437.5	9.9610468009022e-05	0.17187836541285662
472	"[[ 1]
 [12]
 [13]]"	15084.550000000001	9.9610468009022e-05	0.15402087290242994
473	"[[ 1]
 [12]]"	9966.07	9.9610468009022e-05	0.15384464764739283
474	"[[ 1]
 [13]]"	9933.74	9.9610468009022e-05	0.15629222063401932
475	[[1]]	5029.01	9.9610468009022e-05	0.2530790468171761
476	"[[2]
 [3]
 [4]]"	14672.190000000002	9.9610468009022e-05	0.21922421726615887
477	"[[2]
 [3]
 [5]]"	14766.93	9.9610468009022e-05	0.22439349141391396
478	"[[2]
 [3]
 [6]
 [8]]"	18628.45	9.9610468009022e-05	0.13865011454641576
479	"[[2]
 [3]
 [6]
 [9]]"	18849.67	9.9610468009022e-05	0.14368232460691976
480	"[[ 2]
 [ 3]
 [ 6]
 [10]]"	18445.800000000003	9.9610468009022e-05	0.13972704666053143
481	"[[ 2]
 [ 3]
 [ 6]
 [11]]"	18662.49	9.9610468009022e-05	0.14278161774784123
482	"[[2]
 [3]
 [6]]"	14534.5	9.9610468009022e-05	0.17583364335924498
483	"[[2]
 [3]
 [7]
 [8]]"	18715.29	9.9610468009022e-05	0.1418809108887627
484	"[[2]
 [3]
 [7]
 [9]]"	18959.82	9.9610468009022e-05	0.14971314444596737
485	"[[ 2]
 [ 3]
 [ 7]
 [10]]"	18581.13	9.9610468009022e-05	0.1472655714593409
486	"[[ 2]
 [ 3]
 [ 7]
 [11]]"	18757.48	9.9610468009022e-05	0.14797047247948933
487	"[[2]
 [3]
 [7]]"	14661.08	9.9610468009022e-05	0.19006872784946446
488	"[[2]
 [3]
 [8]
 [9]]"	18701.53	9.9610468009022e-05	0.15834818194278552
489	"[[ 2]
 [ 3]
 [ 8]
 [10]]"	17882.89	9.9610468009022e-05	0.12817450216365453
490	"[[ 2]
 [ 3]
 [ 8]
 [11]]"	18105.21	9.9610468009022e-05	0.13052417223081592
491	"[[2]
 [3]
 [8]]"	14154.95	9.9610468009022e-05	0.17377768205047875
492	"[[ 2]
 [ 3]
 [ 9]
 [10]]"	18141.989999999998	9.9610468009022e-05	0.135654285210785
493	"[[ 2]
 [ 3]
 [ 9]
 [11]]"	18364.59	9.9610468009022e-05	0.13865011454641576
494	"[[2]
 [3]
 [9]]"	14370.91	9.9610468009022e-05	0.18493861486949542
495	"[[ 2]
 [ 3]
 [10]
 [11]]"	18517.66	9.9610468009022e-05	0.17391474613772984
496	"[[ 2]
 [ 3]
 [10]]"	13929.14	9.9610468009022e-05	0.17399306847330187
497	"[[ 2]
 [ 3]
 [11]]"	14170.089999999998	9.9610468009022e-05	0.1827064283056921
498	"[[ 2]
 [ 3]
 [12]]"	14829.189999999999	9.9610468009022e-05	0.18137494860096728
499	"[[ 2]
 [ 3]
 [13]]"	14840.560000000001	9.9610468009022e-05	0.1929862348495232
500	"[[2]
 [3]]"	10060.26	9.9610468009022e-05	0.25589865089776975
501	"[[2]
 [4]
 [6]
 [8]]"	18317.03	9.9610468009022e-05	0.12605979910320925
502	"[[2]
 [4]
 [6]
 [9]]"	18563.32	9.9610468009022e-05	0.13103326741203422
503	"[[ 2]
 [ 4]
 [ 6]
 [10]]"	18163.120000000003	9.9610468009022e-05	0.12741085939182706
504	"[[ 2]
 [ 4]
 [ 6]
 [11]]"	18413.04	9.9610468009022e-05	0.13111158974760628
505	"[[2]
 [4]
 [6]]"	14255.509999999998	9.9610468009022e-05	0.15684047698302364
506	"[[2]
 [4]
 [7]
 [8]]"	18453.450000000004	9.9610468009022e-05	0.1304654304791369
507	"[[2]
 [4]
 [7]
 [9]]"	18663.66	9.9610468009022e-05	0.1344990307610973
508	"[[ 2]
 [ 4]
 [ 7]
 [10]]"	18263.18	9.9610468009022e-05	0.13056333339860193
509	"[[ 2]
 [ 4]
 [ 7]
 [11]]"	18501.100000000002	9.9610468009022e-05	0.13369622682148383
510	"[[2]
 [4]
 [7]]"	14369.380000000001	9.9610468009022e-05	0.16690489710403164
511	"[[2]
 [4]
 [8]
 [9]]"	18339.53	9.9610468009022e-05	0.1398836913316755
512	"[[ 2]
 [ 4]
 [ 8]
 [10]]"	17572.72	9.9610468009022e-05	0.11437019051908127
513	"[[ 2]
 [ 4]
 [ 8]
 [11]]"	17813.41	9.9610468009022e-05	0.11699398876074485
514	"[[2]
 [4]
 [8]]"	13774.84	9.9610468009022e-05	0.1478725695600243
515	"[[ 2]
 [ 4]
 [ 9]
 [10]]"	17826.3	9.9610468009022e-05	0.11955904525072937
516	"[[ 2]
 [ 4]
 [ 9]
 [11]]"	18054.94	9.9610468009022e-05	0.1221045211568209
517	"[[2]
 [4]
 [9]]"	13986.970000000001	9.9610468009022e-05	0.15519570793601065
518	"[[ 2]
 [ 4]
 [10]
 [11]]"	18178.53	9.9610468009022e-05	0.15466703217089933
519	"[[ 2]
 [ 4]
 [10]]"	13573.189999999999	9.9610468009022e-05	0.14926279101642811
520	"[[ 2]
 [ 4]
 [11]]"	13789.960000000001	9.9610468009022e-05	0.15400129231853693
521	"[[ 2]
 [ 4]
 [12]]"	14525.68	9.9610468009022e-05	0.16159855886902547
522	"[[ 2]
 [ 4]
 [13]]"	14526.11	9.9610468009022e-05	0.16888253607722584
523	"[[2]
 [4]]"	9698.060000000001	9.9610468009022e-05	0.21348710618550645
524	"[[2]
 [5]
 [6]
 [8]]"	18448.58	9.9610468009022e-05	0.1254332204186329
525	"[[2]
 [5]
 [6]
 [9]]"	18674.8	9.9610468009022e-05	0.1291339507744121
526	"[[ 2]
 [ 5]
 [ 6]
 [10]]"	18306.18	9.9610468009022e-05	0.12754792347907815
527	"[[ 2]
 [ 5]
 [ 6]
 [11]]"	18551.69	9.9610468009022e-05	0.1311311703314993
528	"[[2]
 [5]
 [6]]"	14397.75	9.9610468009022e-05	0.15971882281529634
529	"[[2]
 [5]
 [7]
 [8]]"	18571.469999999998	9.9610468009022e-05	0.1293101760294492
530	"[[2]
 [5]
 [7]
 [9]]"	18785.43	9.9610468009022e-05	0.1328346811301913
531	"[[ 2]
 [ 5]
 [ 7]
 [10]]"	18395.949999999997	9.9610468009022e-05	0.13058291398249497
532	"[[ 2]
 [ 5]
 [ 7]
 [11]]"	18609.13	9.9610468009022e-05	0.13175774901607565
533	"[[2]
 [5]
 [7]]"	14460.640000000001	9.9610468009022e-05	0.1656321591509859
534	"[[2]
 [5]
 [8]
 [9]]"	18485.129999999997	9.9610468009022e-05	0.1409018816941121
535	"[[ 2]
 [ 5]
 [ 8]
 [10]]"	17687.229999999996	9.9610468009022e-05	0.11229464862642204
536	"[[ 2]
 [ 5]
 [ 8]
 [11]]"	17927.079999999998	9.9610468009022e-05	0.11462473810969043
537	"[[2]
 [5]
 [8]]"	13895.16	9.9610468009022e-05	0.1478725695600243
538	"[[ 2]
 [ 5]
 [ 9]
 [10]]"	17940.770000000004	9.9610468009022e-05	0.11783595386814434
539	"[[ 2]
 [ 5]
 [ 9]
 [11]]"	18166.04	9.9610468009022e-05	0.11985275400912455
540	"[[2]
 [5]
 [9]]"	14109.63	9.9610468009022e-05	0.15570480311722895
541	"[[ 2]
 [ 5]
 [10]
 [11]]"	18378.120000000003	9.9610468009022e-05	0.16144191419788137
542	"[[ 2]
 [ 5]
 [10]]"	13724.43	9.9610468009022e-05	0.15255232911045408
543	"[[ 2]
 [ 5]
 [11]]"	13896.990000000002	9.9610468009022e-05	0.15290477962052829
544	"[[ 2]
 [ 5]
 [12]]"	14635.990000000002	9.9610468009022e-05	0.16150065594956042
545	"[[ 2]
 [ 5]
 [13]]"	14645.51	9.9610468009022e-05	0.17086017505042
546	"[[2]
 [5]]"	9790.09	9.9610468009022e-05	0.21816686573593624
547	"[[2]
 [6]
 [7]
 [8]
 [9]]"	23080.89	9.9610468009022e-05	0.11715063343188895
548	"[[ 2]
 [ 6]
 [ 7]
 [ 8]
 [10]]"	22449.0	9.9610468009022e-05	0.1028568071899904
549	"[[ 2]
 [ 6]
 [ 7]
 [ 8]
 [11]]"	22668.449999999997	9.9610468009022e-05	0.10391415872021303
550	"[[2]
 [6]
 [7]
 [8]]"	18582.72	9.9610468009022e-05	0.12196745706956981
551	"[[ 2]
 [ 6]
 [ 7]
 [ 9]
 [10]]"	22718.89	9.9610468009022e-05	0.10751698615652719
552	"[[ 2]
 [ 6]
 [ 7]
 [ 9]
 [11]]"	22931.1	9.9610468009022e-05	0.10798692016995946
553	"[[2]
 [6]
 [7]
 [9]]"	18820.74	9.9610468009022e-05	0.12666679720389262
554	"[[ 2]
 [ 6]
 [ 7]
 [10]
 [11]]"	23019.61	9.9610468009022e-05	0.1294864012844863
555	"[[ 2]
 [ 6]
 [ 7]
 [10]]"	18519.53	9.9610468009022e-05	0.12846821092204969
556	"[[ 2]
 [ 6]
 [ 7]
 [11]]"	18747.72	9.9610468009022e-05	0.1311507509153923
557	"[[2]
 [6]
 [7]]"	14540.66	9.9610468009022e-05	0.15454954866754125
558	"[[ 2]
 [ 6]
 [ 8]
 [ 9]
 [10]]"	22002.920000000002	9.9610468009022e-05	0.09625815041804546
559	"[[ 2]
 [ 6]
 [ 8]
 [ 9]
 [11]]"	22295.69	9.9610468009022e-05	0.09980223610268059
560	"[[2]
 [6]
 [8]
 [9]]"	18300.260000000002	9.9610468009022e-05	0.12155626480781657
561	"[[ 2]
 [ 6]
 [ 8]
 [10]
 [11]]"	22093.92	9.9610468009022e-05	0.10622466761958842
562	"[[ 2]
 [ 6]
 [ 8]
 [10]]"	17623.280000000002	9.9610468009022e-05	0.10254351784770221
563	"[[ 2]
 [ 6]
 [ 8]
 [11]]"	17844.02	9.9610468009022e-05	0.10375751404906894
564	"[[ 2]
 [ 6]
 [ 8]
 [12]]"	18543.980000000003	9.9610468009022e-05	0.11429186818350923
565	"[[ 2]
 [ 6]
 [ 8]
 [13]]"	18579.149999999998	9.9610468009022e-05	0.11564292847212704
566	"[[2]
 [6]
 [8]]"	13722.220000000001	9.9610468009022e-05	0.12410174071390809
567	"[[ 2]
 [ 6]
 [ 9]
 [10]
 [11]]"	22333.75	9.9610468009022e-05	0.1103953319887999
568	"[[ 2]
 [ 6]
 [ 9]
 [10]]"	17855.32	9.9610468009022e-05	0.10593095886119325
569	"[[ 2]
 [ 6]
 [ 9]
 [11]]"	18078.89	9.9610468009022e-05	0.1068708268880578
570	"[[ 2]
 [ 6]
 [ 9]
 [12]]"	18765.41	9.9610468009022e-05	0.11679818292181472
571	"[[ 2]
 [ 6]
 [ 9]
 [13]]"	18799.58	9.9610468009022e-05	0.1182667267137906
572	"[[2]
 [6]
 [9]]"	13948.03	9.9610468009022e-05	0.12815492157976152
573	"[[ 2]
 [ 6]
 [10]
 [11]]"	18245.64	9.9610468009022e-05	0.13874801746588084
574	"[[ 2]
 [ 6]
 [10]
 [12]]"	18390.370000000003	9.9610468009022e-05	0.11513383329090873
575	"[[ 2]
 [ 6]
 [10]
 [13]]"	18426.89	9.9610468009022e-05	0.11701356934463786
576	"[[ 2]
 [ 6]
 [10]]"	13650.55	9.9610468009022e-05	0.1310136868281412
577	"[[ 2]
 [ 6]
 [11]
 [12]]"	18626.370000000003	9.9610468009022e-05	0.11762056744532122
578	"[[ 2]
 [ 6]
 [11]
 [13]]"	18620.65	9.9610468009022e-05	0.11718979459967496
579	"[[ 2]
 [ 6]
 [11]]"	13855.68	9.9610468009022e-05	0.13310880930469346
580	"[[ 2]
 [ 6]
 [12]]"	14439.25	9.9610468009022e-05	0.13475357835170645
581	"[[ 2]
 [ 6]
 [13]]"	14456.32	9.9610468009022e-05	0.1376515047678722
582	"[[2]
 [6]]"	9610.2	9.9610468009022e-05	0.16083491609719802
583	"[[ 2]
 [ 7]
 [ 8]
 [ 9]
 [10]]"	22132.76	9.9610468009022e-05	0.097139276693231
584	"[[ 2]
 [ 7]
 [ 8]
 [ 9]
 [11]]"	22390.07	9.9610468009022e-05	0.09990013902214565
585	"[[2]
 [7]
 [8]
 [9]]"	18424.23	9.9610468009022e-05	0.12553112333809793
586	"[[ 2]
 [ 7]
 [ 8]
 [10]
 [11]]"	22230.48	9.9610468009022e-05	0.10918133578743318
587	"[[ 2]
 [ 7]
 [ 8]
 [10]]"	17739.94	9.9610468009022e-05	0.10399248105578508
588	"[[ 2]
 [ 7]
 [ 8]
 [11]]"	17921.65	9.9610468009022e-05	0.1033463217873157
589	"[[ 2]
 [ 7]
 [ 8]
 [12]]"	18664.27	9.9610468009022e-05	0.11671986058624269
590	"[[ 2]
 [ 7]
 [ 8]
 [13]]"	18687.12	9.9610468009022e-05	0.1175814062775352
591	"[[2]
 [7]
 [8]]"	13851.0	9.9610468009022e-05	0.12887940318380295
592	"[[ 2]
 [ 7]
 [ 9]
 [10]
 [11]]"	22499.79	9.9610468009022e-05	0.11487928570029958
593	"[[ 2]
 [ 7]
 [ 9]
 [10]]"	17970.199999999997	9.9610468009022e-05	0.10773237257935031
594	"[[ 2]
 [ 7]
 [ 9]
 [11]]"	18201.86	9.9610468009022e-05	0.10953378629750739
595	"[[ 2]
 [ 7]
 [ 9]
 [12]]"	18880.05	9.9610468009022e-05	0.1191086918211901
596	"[[ 2]
 [ 7]
 [ 9]
 [13]]"	18902.829999999998	9.9610468009022e-05	0.12024436568698478
597	"[[2]
 [7]
 [9]]"	14045.7	9.9610468009022e-05	0.13193397427111275
598	"[[ 2]
 [ 7]
 [10]
 [11]]"	18433.350000000002	9.9610468009022e-05	0.14979146678153943
599	"[[ 2]
 [ 7]
 [10]
 [12]]"	18491.16	9.9610468009022e-05	0.11773805094867928
600	"[[ 2]
 [ 7]
 [10]
 [13]]"	18550.699999999997	9.9610468009022e-05	0.12104716962659827
601	"[[ 2]
 [ 7]
 [10]]"	13777.829999999998	9.9610468009022e-05	0.13798437469405336
602	"[[ 2]
 [ 7]
 [11]
 [12]]"	18743.42	9.9610468009022e-05	0.12069471911652406
603	"[[ 2]
 [ 7]
 [11]
 [13]]"	18749.489999999998	9.9610468009022e-05	0.12102758904270525
604	"[[ 2]
 [ 7]
 [11]]"	13951.15	9.9610468009022e-05	0.137338215425584
605	"[[ 2]
 [ 7]
 [12]]"	14555.64	9.9610468009022e-05	0.13945291848602925
606	"[[ 2]
 [ 7]
 [13]]"	14550.89	9.9610468009022e-05	0.14150887979479548
607	"[[2]
 [7]]"	9685.36	9.9610468009022e-05	0.17078185271484797
608	"[[ 2]
 [ 8]
 [ 9]
 [10]
 [11]]"	21930.44	9.9610468009022e-05	0.10722327739813202
609	"[[ 2]
 [ 8]
 [ 9]
 [10]]"	17503.14	9.9610468009022e-05	0.10598970061287227
610	"[[ 2]
 [ 8]
 [ 9]
 [11]]"	17784.299999999996	9.9610468009022e-05	0.11066946016330206
611	"[[ 2]
 [ 8]
 [ 9]
 [12]]"	18566.41	9.9610468009022e-05	0.12457167472734038
612	"[[ 2]
 [ 8]
 [ 9]
 [13]]"	18637.77	9.9610468009022e-05	0.12905562843884005
613	"[[2]
 [8]
 [9]]"	13856.39	9.9610468009022e-05	0.14971314444596737
614	"[[ 2]
 [ 8]
 [10]
 [11]]"	17636.11	9.9610468009022e-05	0.1229464862642204
615	"[[ 2]
 [ 8]
 [10]
 [12]]"	17780.6	9.9610468009022e-05	0.10221064792152101
616	"[[ 2]
 [ 8]
 [10]
 [13]]"	17861.829999999998	9.9610468009022e-05	0.10448199565311038
617	"[[ 2]
 [ 8]
 [10]]"	13059.25	9.9610468009022e-05	0.11427228759961622
618	"[[ 2]
 [ 8]
 [11]
 [12]]"	18053.66	9.9610468009022e-05	0.10565683068669107
619	"[[ 2]
 [ 8]
 [11]
 [13]]"	18072.12	9.9610468009022e-05	0.10555892776722602
620	"[[ 2]
 [ 8]
 [11]]"	13271.09	9.9610468009022e-05	0.11532963912983885
621	"[[ 2]
 [ 8]
 [12]]"	14007.670000000002	9.9610468009022e-05	0.12909478960662607
622	"[[ 2]
 [ 8]
 [13]]"	14010.380000000001	9.9610468009022e-05	0.13060249456638798
623	"[[2]
 [8]]"	9221.08	9.9610468009022e-05	0.1581327955199624
624	"[[ 2]
 [ 9]
 [10]
 [11]]"	17922.789999999997	9.9610468009022e-05	0.13301090638522842
625	"[[ 2]
 [ 9]
 [10]
 [12]]"	18034.87	9.9610468009022e-05	0.10620508703569541
626	"[[ 2]
 [ 9]
 [10]
 [13]]"	18082.010000000002	9.9610468009022e-05	0.10794775900217345
627	"[[ 2]
 [ 9]
 [10]]"	13298.61	9.9610468009022e-05	0.12057723561316598
628	"[[ 2]
 [ 9]
 [11]
 [12]]"	18291.07	9.9610468009022e-05	0.10927923870689824
629	"[[ 2]
 [ 9]
 [11]
 [13]]"	18301.69	9.9610468009022e-05	0.10924007753911222
630	"[[ 2]
 [ 9]
 [11]]"	13498.650000000001	9.9610468009022e-05	0.12132129780110043
631	"[[ 2]
 [ 9]
 [12]]"	14194.41	9.9610468009022e-05	0.132325585948973
632	"[[ 2]
 [ 9]
 [13]]"	14219.169999999998	9.9610468009022e-05	0.1354976405396409
633	"[[2]
 [9]]"	9420.61	9.9610468009022e-05	0.16772728162753814
634	"[[ 2]
 [10]
 [11]
 [12]]"	18427.63	9.9610468009022e-05	0.1376515047678722
635	"[[ 2]
 [10]
 [11]
 [13]]"	18502.45	9.9610468009022e-05	0.14560122182843493
636	"[[ 2]
 [10]
 [11]]"	13949.2	9.9610468009022e-05	0.19300581543341622
637	"[[ 2]
 [10]
 [12]]"	13837.739999999998	9.9610468009022e-05	0.1321689412778289
638	"[[ 2]
 [10]
 [13]]"	13891.0	9.9610468009022e-05	0.13837598637191362
639	"[[ 2]
 [10]]"	9132.91	9.9610468009022e-05	0.1740518102249809
640	"[[ 2]
 [11]
 [12]]"	14043.07	9.9610468009022e-05	0.134009516163772
641	"[[ 2]
 [11]
 [13]]"	14091.98	9.9610468009022e-05	0.13990327191556853
642	"[[ 2]
 [11]]"	9284.29	9.9610468009022e-05	0.17317068394979537
643	"[[ 2]
 [12]
 [13]]"	14972.219999999998	9.9610468009022e-05	0.1614614947817744
644	"[[ 2]
 [12]]"	9904.5	9.9610468009022e-05	0.16929372833897907
645	"[[ 2]
 [13]]"	9898.44	9.9610468009022e-05	0.17998472714456346
646	[[2]]	5028.1	9.9610468009022e-05	0.25589865089776975
647	"[[3]
 [4]
 [6]
 [8]]"	18417.61	9.9610468009022e-05	0.12316187268704352
648	"[[3]
 [4]
 [6]
 [9]]"	18677.710000000003	9.9610468009022e-05	0.12868359734487284
649	"[[ 3]
 [ 4]
 [ 6]
 [10]]"	18254.68	9.9610468009022e-05	0.12419964363337314
650	"[[ 3]
 [ 4]
 [ 6]
 [11]]"	18504.36	9.9610468009022e-05	0.12727379530457597
651	"[[3]
 [4]
 [6]]"	14349.15	9.9610468009022e-05	0.1544124845802902
652	"[[3]
 [4]
 [7]
 [8]]"	18543.27	9.9610468009022e-05	0.12676470012335767
653	"[[3]
 [4]
 [7]
 [9]]"	18775.35	9.9610468009022e-05	0.1308178809892111
654	"[[ 3]
 [ 4]
 [ 7]
 [10]]"	18390.77	9.9610468009022e-05	0.12870317792876584
655	"[[ 3]
 [ 4]
 [ 7]
 [11]]"	18611.33	9.9610468009022e-05	0.13040668872745786
656	"[[3]
 [4]
 [7]]"	14432.310000000001	9.9610468009022e-05	0.16083491609719802
657	"[[3]
 [4]
 [8]
 [9]]"	18420.44	9.9610468009022e-05	0.13628086389536137
658	"[[ 3]
 [ 4]
 [ 8]
 [10]]"	17656.84	9.9610468009022e-05	0.10900511053239607
659	"[[ 3]
 [ 4]
 [ 8]
 [11]]"	17913.77	9.9610468009022e-05	0.11194219811634783
660	"[[3]
 [4]
 [8]]"	13849.0	9.9610468009022e-05	0.14260539249280413
661	"[[ 3]
 [ 4]
 [ 9]
 [10]]"	17907.47	9.9610468009022e-05	0.11411564292847212
662	"[[ 3]
 [ 4]
 [ 9]
 [11]]"	18145.84	9.9610468009022e-05	0.11695482759295882
663	"[[3]
 [4]
 [9]]"	14052.6	9.9610468009022e-05	0.14861663174795872
664	"[[ 3]
 [ 4]
 [10]
 [11]]"	18364.760000000002	9.9610468009022e-05	0.15983630631865442
665	"[[ 3]
 [ 4]
 [10]]"	13716.279999999999	9.9610468009022e-05	0.15028098137886473
666	"[[ 3]
 [ 4]
 [11]]"	13897.17	9.9610468009022e-05	0.15037888429832977
667	"[[ 3]
 [ 4]
 [12]]"	14556.59	9.9610468009022e-05	0.1539033893990719
668	"[[ 3]
 [ 4]
 [13]]"	14586.030000000002	9.9610468009022e-05	0.16197058996299268
669	"[[3]
 [4]]"	9737.39	9.9610468009022e-05	0.20984511758140628
670	"[[3]
 [5]
 [6]
 [8]]"	18539.27	9.9610468009022e-05	0.12167374831117464
671	"[[3]
 [5]
 [6]
 [9]]"	18764.76	9.9610468009022e-05	0.12506118932466567
672	"[[ 3]
 [ 5]
 [ 6]
 [10]]"	18421.57	9.9610468009022e-05	0.12535489808306083
673	"[[ 3]
 [ 5]
 [ 6]
 [11]]"	18654.489999999998	9.9610468009022e-05	0.12727379530457597
674	"[[3]
 [5]
 [6]]"	14449.02	9.9610468009022e-05	0.15298310195610032
675	"[[3]
 [5]
 [7]
 [8]]"	18659.920000000002	9.9610468009022e-05	0.125589865089777
676	"[[3]
 [5]
 [7]
 [9]]"	18867.269999999997	9.9610468009022e-05	0.12748918172739912
677	"[[ 3]
 [ 5]
 [ 7]
 [10]]"	18548.36	9.9610468009022e-05	0.13021088288852772
678	"[[ 3]
 [ 5]
 [ 7]
 [11]]"	18727.45	9.9610468009022e-05	0.12874233909655186
679	"[[3]
 [5]
 [7]]"	14516.64	9.9610468009022e-05	0.15734957216424195
680	"[[3]
 [5]
 [8]
 [9]]"	18571.43	9.9610468009022e-05	0.1374948600967281
681	"[[ 3]
 [ 5]
 [ 8]
 [10]]"	17809.23	9.9610468009022e-05	0.1080456619216385
682	"[[ 3]
 [ 5]
 [ 8]
 [11]]"	18037.25	9.9610468009022e-05	0.10996455914315365
683	"[[3]
 [5]
 [8]]"	13965.48	9.9610468009022e-05	0.14166552446593958
684	"[[ 3]
 [ 5]
 [ 9]
 [10]]"	18042.91	9.9610468009022e-05	0.11344990307610973
685	"[[ 3]
 [ 5]
 [ 9]
 [11]]"	18276.589999999997	9.9610468009022e-05	0.11505551095533668
686	"[[3]
 [5]
 [9]]"	14174.33	9.9610468009022e-05	0.14763760255330813
687	"[[ 3]
 [ 5]
 [10]
 [11]]"	18554.17	9.9610468009022e-05	0.1673356699496779
688	"[[ 3]
 [ 5]
 [10]]"	13833.48	9.9610468009022e-05	0.15186700867419867
689	"[[ 3]
 [ 5]
 [11]]"	14011.11	9.9610468009022e-05	0.15057469013725988
690	"[[ 3]
 [ 5]
 [12]]"	14682.150000000001	9.9610468009022e-05	0.15447122633196922
691	"[[ 3]
 [ 5]
 [13]]"	14711.8	9.9610468009022e-05	0.16377200368114977
692	"[[3]
 [5]]"	9818.439999999999	9.9610468009022e-05	0.21321297801100428
693	"[[3]
 [6]
 [7]
 [8]
 [9]]"	23192.480000000003	9.9610468009022e-05	0.11544712263319692
694	"[[ 3]
 [ 6]
 [ 7]
 [ 8]
 [10]]"	22570.17	9.9610468009022e-05	0.10050713712282901
695	"[[ 3]
 [ 6]
 [ 7]
 [ 8]
 [11]]"	22789.489999999998	9.9610468009022e-05	0.10156448865305163
696	"[[3]
 [6]
 [7]
 [8]]"	18689.89	9.9610468009022e-05	0.11955904525072937
697	"[[ 3]
 [ 6]
 [ 7]
 [ 9]
 [10]]"	22857.0	9.9610468009022e-05	0.10597012002897926
698	"[[ 3]
 [ 6]
 [ 7]
 [ 9]
 [11]]"	23077.29	9.9610468009022e-05	0.10651837637798359
699	"[[3]
 [6]
 [7]
 [9]]"	18909.93	9.9610468009022e-05	0.122261165827965
700	"[[ 3]
 [ 6]
 [ 7]
 [10]
 [11]]"	23175.860000000004	9.9610468009022e-05	0.13077871982142508
701	"[[ 3]
 [ 6]
 [ 7]
 [10]]"	18626.62	9.9610468009022e-05	0.12619686319046033
702	"[[ 3]
 [ 6]
 [ 7]
 [11]]"	18882.379999999997	9.9610468009022e-05	0.1298388517945605
703	"[[3]
 [6]
 [7]]"	14656.94	9.9610468009022e-05	0.15353135830510467
704	"[[ 3]
 [ 6]
 [ 8]
 [ 9]
 [10]]"	22118.52	9.9610468009022e-05	0.09355602984080985
705	"[[ 3]
 [ 6]
 [ 8]
 [ 9]
 [11]]"	22407.699999999997	9.9610468009022e-05	0.09708053494155196
706	"[[3]
 [6]
 [8]
 [9]]"	18408.53	9.9610468009022e-05	0.1192653364923342
707	"[[ 3]
 [ 6]
 [ 8]
 [10]
 [11]]"	22238.479999999996	9.9610468009022e-05	0.10600928119676528
708	"[[ 3]
 [ 6]
 [ 8]
 [10]]"	17736.83	9.9610468009022e-05	0.09946936617649939
709	"[[ 3]
 [ 6]
 [ 8]
 [11]]"	17905.79	9.9610468009022e-05	0.09735466311605412
710	"[[ 3]
 [ 6]
 [ 8]
 [12]]"	18642.03	9.9610468009022e-05	0.11053239607605099
711	"[[ 3]
 [ 6]
 [ 8]
 [13]]"	18675.760000000002	9.9610468009022e-05	0.11145268351902254
712	"[[3]
 [6]
 [8]]"	13834.699999999999	9.9610468009022e-05	0.12094926670713321
713	"[[ 3]
 [ 6]
 [ 9]
 [10]
 [11]]"	22485.06	9.9610468009022e-05	0.11002330089483268
714	"[[ 3]
 [ 6]
 [ 9]
 [10]]"	17985.85	9.9610468009022e-05	0.10313093536449257
715	"[[ 3]
 [ 6]
 [ 9]
 [11]]"	18204.77	9.9610468009022e-05	0.10367919171349689
716	"[[ 3]
 [ 6]
 [ 9]
 [12]]"	18865.77	9.9610468009022e-05	0.11286248555931938
717	"[[ 3]
 [ 6]
 [ 9]
 [13]]"	18881.59	9.9610468009022e-05	0.11311703314992853
718	"[[3]
 [6]
 [9]]"	14043.46	9.9610468009022e-05	0.12290732509643437
719	"[[ 3]
 [ 6]
 [10]
 [11]]"	18437.489999999998	9.9610468009022e-05	0.14311448767402243
720	"[[ 3]
 [ 6]
 [10]
 [12]]"	18515.510000000002	9.9610468009022e-05	0.11239255154588709
721	"[[ 3]
 [ 6]
 [10]
 [13]]"	18543.87	9.9610468009022e-05	0.11403732059290007
722	"[[ 3]
 [ 6]
 [10]]"	13778.509999999998	9.9610468009022e-05	0.12944724011670028
723	"[[ 3]
 [ 6]
 [11]
 [12]]"	18736.41	9.9610468009022e-05	0.11366528949893286
724	"[[ 3]
 [ 6]
 [11]
 [13]]"	18763.45	9.9610468009022e-05	0.11532963912983885
725	"[[ 3]
 [ 6]
 [11]]"	13980.75	9.9610468009022e-05	0.12991717413013257
726	"[[ 3]
 [ 6]
 [12]]"	14506.27	9.9610468009022e-05	0.12815492157976152
727	"[[ 3]
 [ 6]
 [13]]"	14539.259999999998	9.9610468009022e-05	0.1318164907677547
728	"[[3]
 [6]]"	9689.96	9.9610468009022e-05	0.1545887098353273
729	"[[ 3]
 [ 7]
 [ 8]
 [ 9]
 [10]]"	22265.159999999996	9.9610468009022e-05	0.09502457363278573
730	"[[ 3]
 [ 7]
 [ 8]
 [ 9]
 [11]]"	22544.160000000003	9.9610468009022e-05	0.09843159523016977
731	"[[3]
 [7]
 [8]
 [9]]"	18559.09	9.9610468009022e-05	0.12453251355955434
732	"[[ 3]
 [ 7]
 [ 8]
 [10]
 [11]]"	22350.32	9.9610468009022e-05	0.10763446965988525
733	"[[ 3]
 [ 7]
 [ 8]
 [10]]"	17832.6	9.9610468009022e-05	0.09921481858589024
734	"[[ 3]
 [ 7]
 [ 8]
 [11]]"	18048.34	9.9610468009022e-05	0.09972391376710854
735	"[[ 3]
 [ 7]
 [ 8]
 [12]]"	18777.050000000003	9.9610468009022e-05	0.1132345166532866
736	"[[ 3]
 [ 7]
 [ 8]
 [13]]"	18792.190000000002	9.9610468009022e-05	0.1133911613244307
737	"[[3]
 [7]
 [8]]"	13937.34	9.9610468009022e-05	0.1231031309353645
738	"[[ 3]
 [ 7]
 [ 9]
 [10]
 [11]]"	22635.65	9.9610468009022e-05	0.11425270701572321
739	"[[ 3]
 [ 7]
 [ 9]
 [10]]"	18093.239999999998	9.9610468009022e-05	0.10391415872021303
740	"[[ 3]
 [ 7]
 [ 9]
 [11]]"	18295.45	9.9610468009022e-05	0.10350296645845979
741	"[[ 3]
 [ 7]
 [ 9]
 [12]]"	18983.61	9.9610468009022e-05	0.11489886628419259
742	"[[ 3]
 [ 7]
 [ 9]
 [13]]"	19012.989999999998	9.9610468009022e-05	0.11597579839830824
743	"[[3]
 [7]
 [9]]"	14143.57	9.9610468009022e-05	0.12633392727771142
744	"[[ 3]
 [ 7]
 [10]
 [11]]"	18599.88	9.9610468009022e-05	0.15413835640578802
745	"[[ 3]
 [ 7]
 [10]
 [12]]"	18641.28	9.9610468009022e-05	0.11587789547884318
746	"[[ 3]
 [ 7]
 [10]
 [13]]"	18662.670000000002	9.9610468009022e-05	0.1174247616063911
747	"[[ 3]
 [ 7]
 [10]]"	13902.300000000001	9.9610468009022e-05	0.13780814943901626
748	"[[ 3]
 [ 7]
 [11]
 [12]]"	18871.63	9.9610468009022e-05	0.11793385678760941
749	"[[ 3]
 [ 7]
 [11]
 [13]]"	18863.39	9.9610468009022e-05	0.11693524700906581
750	"[[ 3]
 [ 7]
 [11]]"	14073.829999999998	9.9610468009022e-05	0.13397035499598597
751	"[[ 3]
 [ 7]
 [12]]"	14601.320000000002	9.9610468009022e-05	0.13171858784828963
752	"[[ 3]
 [ 7]
 [13]]"	14640.18	9.9610468009022e-05	0.13594799396918017
753	"[[3]
 [7]]"	9749.900000000001	9.9610468009022e-05	0.16116778602337922
754	"[[ 3]
 [ 8]
 [ 9]
 [10]
 [11]]"	22074.660000000003	9.9610468009022e-05	0.10614634528401637
755	"[[ 3]
 [ 8]
 [ 9]
 [10]]"	17633.2	9.9610468009022e-05	0.10360086937792486
756	"[[ 3]
 [ 8]
 [ 9]
 [11]]"	17916.85	9.9610468009022e-05	0.10828062892835465
757	"[[ 3]
 [ 8]
 [ 9]
 [12]]"	18651.95	9.9610468009022e-05	0.12067513853263104
758	"[[ 3]
 [ 8]
 [ 9]
 [13]]"	18726.129999999997	9.9610468009022e-05	0.12574650976092108
759	"[[3]
 [8]
 [9]]"	13988.0	9.9610468009022e-05	0.15082923772786905
760	"[[ 3]
 [ 8]
 [10]
 [11]]"	17817.28	9.9610468009022e-05	0.12533531749916782
761	"[[ 3]
 [ 8]
 [10]
 [12]]"	17888.339999999997	9.9610468009022e-05	0.09819662822345362
762	"[[ 3]
 [ 8]
 [10]
 [13]]"	17959.93	9.9610468009022e-05	0.09964559143153649
763	"[[ 3]
 [ 8]
 [10]]"	13183.7	9.9610468009022e-05	0.1108848465861252
764	"[[ 3]
 [ 8]
 [11]
 [12]]"	18146.39	9.9610468009022e-05	0.10101623230404731
765	"[[ 3]
 [ 8]
 [11]
 [13]]"	18177.83	9.9610468009022e-05	0.10044839537114997
766	"[[ 3]
 [ 8]
 [11]]"	13374.850000000002	9.9610468009022e-05	0.10986665622368859
767	"[[ 3]
 [ 8]
 [12]]"	14083.869999999999	9.9610468009022e-05	0.12349474261322473
768	"[[ 3]
 [ 8]
 [13]]"	14105.330000000002	9.9610468009022e-05	0.125589865089777
769	"[[3]
 [8]]"	9303.599999999999	9.9610468009022e-05	0.15257190969434709
770	"[[ 3]
 [ 9]
 [10]
 [11]]"	18102.77	9.9610468009022e-05	0.135693446378571
771	"[[ 3]
 [ 9]
 [10]
 [12]]"	18136.03	9.9610468009022e-05	0.10123161872687043
772	"[[ 3]
 [ 9]
 [10]
 [13]]"	18204.19	9.9610468009022e-05	0.10397290047189207
773	"[[ 3]
 [ 9]
 [10]]"	13432.38	9.9610468009022e-05	0.11762056744532122
774	"[[ 3]
 [ 9]
 [11]
 [12]]"	18384.61	9.9610468009022e-05	0.10354212762624582
775	"[[ 3]
 [ 9]
 [11]
 [13]]"	18429.18	9.9610468009022e-05	0.10504983258600771
776	"[[ 3]
 [ 9]
 [11]]"	13625.27	9.9610468009022e-05	0.11701356934463786
777	"[[ 3]
 [ 9]
 [12]]"	14318.85	9.9610468009022e-05	0.1288010808482309
778	"[[ 3]
 [ 9]
 [13]]"	14320.23	9.9610468009022e-05	0.12925143427777017
779	"[[3]
 [9]]"	9479.16	9.9610468009022e-05	0.15836776252667856
780	"[[ 3]
 [10]
 [11]
 [12]]"	18564.129999999997	9.9610468009022e-05	0.1375340212645141
781	"[[ 3]
 [10]
 [11]
 [13]]"	18672.23	9.9610468009022e-05	0.14847956766070763
782	"[[ 3]
 [10]
 [11]]"	14146.66	9.9610468009022e-05	0.20894441072232775
783	"[[ 3]
 [10]
 [12]]"	13961.73	9.9610468009022e-05	0.13028920522409979
784	"[[ 3]
 [10]
 [13]]"	13980.24	9.9610468009022e-05	0.13422490258659514
785	"[[ 3]
 [10]]"	9284.07	9.9610468009022e-05	0.18347007107751953
786	"[[ 3]
 [11]
 [12]]"	14157.800000000001	9.9610468009022e-05	0.13124865383485734
787	"[[ 3]
 [11]
 [13]]"	14182.86	9.9610468009022e-05	0.13461651426445537
788	"[[ 3]
 [11]]"	9391.32	9.9610468009022e-05	0.1745413248223062
789	"[[ 3]
 [12]
 [13]]"	15074.419999999998	9.9610468009022e-05	0.15883769654011082
790	"[[ 3]
 [12]]"	9966.470000000001	9.9610468009022e-05	0.16259716864756907
791	"[[ 3]
 [13]]"	9956.380000000001	9.9610468009022e-05	0.1718196236611776
792	[[3]]	5032.16	9.9610468009022e-05	0.25589865089776975
793	"[[4]
 [5]
 [6]]"	14446.93	9.9610468009022e-05	0.15973840339918938
794	"[[4]
 [5]
 [7]]"	14509.22	9.9610468009022e-05	0.16486851637915842
795	"[[4]
 [5]
 [8]
 [9]]"	18437.65	9.9610468009022e-05	0.13328503455973056
796	"[[ 4]
 [ 5]
 [ 8]
 [10]]"	17739.91	9.9610468009022e-05	0.10884846586125198
797	"[[ 4]
 [ 5]
 [ 8]
 [11]]"	17955.170000000002	9.9610468009022e-05	0.10931839987468427
798	"[[4]
 [5]
 [8]]"	13894.61	9.9610468009022e-05	0.14213545847937187
799	"[[ 4]
 [ 5]
 [ 9]
 [10]]"	17982.510000000002	9.9610468009022e-05	0.1137436118345049
800	"[[ 4]
 [ 5]
 [ 9]
 [11]]"	18189.260000000002	9.9610468009022e-05	0.11378277300229094
801	"[[4]
 [5]
 [9]]"	14102.77	9.9610468009022e-05	0.14861663174795872
802	"[[ 4]
 [ 5]
 [10]
 [11]]"	18511.23	9.9610468009022e-05	0.16692447768792465
803	"[[ 4]
 [ 5]
 [10]]"	13818.41	9.9610468009022e-05	0.1550978050165456
804	"[[ 4]
 [ 5]
 [11]]"	14004.41	9.9610468009022e-05	0.15531319143936873
805	"[[ 4]
 [ 5]
 [12]]"	14594.349999999999	9.9610468009022e-05	0.15239568443930998
806	"[[ 4]
 [ 5]
 [13]]"	14646.34	9.9610468009022e-05	0.16339997258718256
807	"[[4]
 [5]]"	9859.130000000001	9.9610468009022e-05	0.23110963168921697
808	"[[4]
 [6]
 [7]
 [8]]"	18544.93	9.9610468009022e-05	0.11615202365334534
809	"[[4]
 [6]
 [7]
 [9]]"	18796.81	9.9610468009022e-05	0.12130171721720742
810	"[[ 4]
 [ 6]
 [ 7]
 [10]]"	18537.21	9.9610468009022e-05	0.12470873881459145
811	"[[ 4]
 [ 6]
 [ 7]
 [11]]"	18742.08	9.9610468009022e-05	0.12619686319046033
812	"[[4]
 [6]
 [7]]"	14542.529999999999	9.9610468009022e-05	0.15020265904329266
813	"[[ 4]
 [ 6]
 [ 8]
 [ 9]
 [10]]"	21975.37	9.9610468009022e-05	0.09081474809578821
814	"[[ 4]
 [ 6]
 [ 8]
 [ 9]
 [11]]"	22213.68	9.9610468009022e-05	0.09259658123005228
815	"[[4]
 [6]
 [8]
 [9]]"	18250.769999999997	9.9610468009022e-05	0.11429186818350923
816	"[[ 4]
 [ 6]
 [ 8]
 [10]
 [11]]"	22068.22	9.9610468009022e-05	0.10130994106244248
817	"[[ 4]
 [ 6]
 [ 8]
 [10]]"	17612.24	9.9610468009022e-05	0.09751130778719821
818	"[[ 4]
 [ 6]
 [ 8]
 [11]]"	17836.24	9.9610468009022e-05	0.09813788647177459
819	"[[ 4]
 [ 6]
 [ 8]
 [12]]"	18398.190000000002	9.9610468009022e-05	0.1030134518611345
820	"[[ 4]
 [ 6]
 [ 8]
 [13]]"	18464.1	9.9610468009022e-05	0.1046973820759335
821	"[[4]
 [6]
 [8]]"	13685.64	9.9610468009022e-05	0.11579957314327113
822	"[[ 4]
 [ 6]
 [ 9]
 [10]
 [11]]"	22323.969999999998	9.9610468009022e-05	0.10571557243837011
823	"[[ 4]
 [ 6]
 [ 9]
 [10]]"	17848.670000000002	9.9610468009022e-05	0.1001546866127548
824	"[[ 4]
 [ 6]
 [ 9]
 [11]]"	18088.92	9.9610468009022e-05	0.1020148420825909
825	"[[ 4]
 [ 6]
 [ 9]
 [12]]"	18615.72	9.9610468009022e-05	0.10479528499539856
826	"[[ 4]
 [ 6]
 [ 9]
 [13]]"	18707.55	9.9610468009022e-05	0.10757572790820623
827	"[[4]
 [6]
 [9]]"	13888.880000000001	9.9610468009022e-05	0.11799259853928844
828	"[[ 4]
 [ 6]
 [10]
 [11]]"	18280.03	9.9610468009022e-05	0.13722073192222592
829	"[[ 4]
 [ 6]
 [10]
 [12]]"	18317.33	9.9610468009022e-05	0.10624424820348143
830	"[[ 4]
 [ 6]
 [10]
 [13]]"	18417.47	9.9610468009022e-05	0.11086526600223219
831	"[[ 4]
 [ 6]
 [10]]"	13645.09	9.9610468009022e-05	0.12476748056627049
832	"[[ 4]
 [ 6]
 [11]
 [12]]"	18537.809999999998	9.9610468009022e-05	0.10681208513637877
833	"[[ 4]
 [ 6]
 [11]
 [13]]"	18609.629999999997	9.9610468009022e-05	0.1103953319887999
834	"[[ 4]
 [ 6]
 [11]]"	13852.630000000001	9.9610468009022e-05	0.12586399326427913
835	"[[ 4]
 [ 6]
 [12]]"	14326.55	9.9610468009022e-05	0.12126255604942139
836	"[[ 4]
 [ 6]
 [13]]"	14377.68	9.9610468009022e-05	0.12490454465352156
837	"[[4]
 [6]]"	9591.119999999999	9.9610468009022e-05	0.1517691057547336
838	"[[ 4]
 [ 7]
 [ 8]
 [ 9]
 [10]]"	22113.129999999997	9.9610468009022e-05	0.09175461612265277
839	"[[ 4]
 [ 7]
 [ 8]
 [ 9]
 [11]]"	22310.629999999997	9.9610468009022e-05	0.09206790546494097
840	"[[4]
 [7]
 [8]
 [9]]"	18340.03	9.9610468009022e-05	0.11564292847212704
841	"[[ 4]
 [ 7]
 [ 8]
 [10]
 [11]]"	22199.36	9.9610468009022e-05	0.10315051594838558
842	"[[ 4]
 [ 7]
 [ 8]
 [10]]"	17702.59	9.9610468009022e-05	0.09645395625697559
843	"[[ 4]
 [ 7]
 [ 8]
 [11]]"	17926.920000000002	9.9610468009022e-05	0.09733508253216111
844	"[[ 4]
 [ 7]
 [ 8]
 [12]]"	18515.239999999998	9.9610468009022e-05	0.10409038397525014
845	"[[ 4]
 [ 7]
 [ 8]
 [13]]"	18550.9	9.9610468009022e-05	0.1041882868947152
846	"[[4]
 [7]
 [8]]"	13759.460000000001	9.9610468009022e-05	0.1157408313915921
847	"[[ 4]
 [ 7]
 [ 9]
 [10]
 [11]]"	22489.64	9.9610468009022e-05	0.10990581739147462
848	"[[ 4]
 [ 7]
 [ 9]
 [10]]"	17944.14	9.9610468009022e-05	0.0999784613577177
849	"[[ 4]
 [ 7]
 [ 9]
 [11]]"	18172.15	9.9610468009022e-05	0.10103581288794032
850	"[[ 4]
 [ 7]
 [ 9]
 [12]]"	18739.27	9.9610468009022e-05	0.10628340937126746
851	"[[ 4]
 [ 7]
 [ 9]
 [13]]"	18788.91	9.9610468009022e-05	0.10708621331088093
852	"[[4]
 [7]
 [9]]"	13961.15	9.9610468009022e-05	0.11779679270035832
853	"[[ 4]
 [ 7]
 [10]
 [11]]"	18455.690000000002	9.9610468009022e-05	0.14799005306338234
854	"[[ 4]
 [ 7]
 [10]
 [12]]"	18432.33	9.9610468009022e-05	0.10812398425721055
855	"[[ 4]
 [ 7]
 [10]
 [13]]"	18503.34	9.9610468009022e-05	0.11168765052573867
856	"[[ 4]
 [ 7]
 [10]]"	13735.25	9.9610468009022e-05	0.12903604785494704
857	"[[ 4]
 [ 7]
 [11]
 [12]]"	18641.53	9.9610468009022e-05	0.10743866382095514
858	"[[ 4]
 [ 7]
 [11]
 [13]]"	18721.819999999996	9.9610468009022e-05	0.11180513402909675
859	"[[ 4]
 [ 7]
 [11]]"	13920.51	9.9610468009022e-05	0.12682344187503672
860	"[[ 4]
 [ 7]
 [12]]"	14442.419999999998	9.9610468009022e-05	0.12437586888841025
861	"[[ 4]
 [ 7]
 [13]]"	14496.599999999999	9.9610468009022e-05	0.12927101486166317
862	"[[4]
 [7]]"	9649.77	9.9610468009022e-05	0.1566250905602005
863	"[[ 4]
 [ 8]
 [ 9]
 [10]
 [11]]"	21906.21	9.9610468009022e-05	0.10154490806915863
864	"[[ 4]
 [ 8]
 [ 9]
 [10]]"	17409.06	9.9610468009022e-05	0.09567073290125512
865	"[[ 4]
 [ 8]
 [ 9]
 [11]]"	17650.19	9.9610468009022e-05	0.09751130778719821
866	"[[ 4]
 [ 8]
 [ 9]
 [12]]"	18351.99	9.9610468009022e-05	0.10998413972704665
867	"[[ 4]
 [ 8]
 [ 9]
 [13]]"	18421.14	9.9610468009022e-05	0.11239255154588709
868	"[[4]
 [8]
 [9]]"	13752.739999999998	9.9610468009022e-05	0.13680953966047268
869	"[[ 4]
 [ 8]
 [10]
 [11]]"	17620.41	9.9610468009022e-05	0.11805134029096748
870	"[[ 4]
 [ 8]
 [10]
 [12]]"	17665.14	9.9610468009022e-05	0.09130426269311351
871	"[[ 4]
 [ 8]
 [10]
 [13]]"	17728.34	9.9610468009022e-05	0.09165671320318772
872	"[[ 4]
 [ 8]
 [10]]"	12987.029999999999	9.9610468009022e-05	0.10248477609602319
873	"[[ 4]
 [ 8]
 [11]
 [12]]"	17914.73	9.9610468009022e-05	0.09334064341798673
874	"[[ 4]
 [ 8]
 [11]
 [13]]"	17944.0	9.9610468009022e-05	0.09204832488104796
875	"[[ 4]
 [ 8]
 [11]]"	13179.18	9.9610468009022e-05	0.10127077989465647
876	"[[ 4]
 [ 8]
 [12]]"	13834.72	9.9610468009022e-05	0.11311703314992853
877	"[[ 4]
 [ 8]
 [13]]"	13851.720000000001	9.9610468009022e-05	0.11278416322374733
878	"[[4]
 [8]]"	9070.59	9.9610468009022e-05	0.13367664623759082
879	"[[ 4]
 [ 9]
 [10]
 [11]]"	17920.08	9.9610468009022e-05	0.12874233909655186
880	"[[ 4]
 [ 9]
 [10]
 [12]]"	17922.27	9.9610468009022e-05	0.09439799494820936
881	"[[ 4]
 [ 9]
 [10]
 [13]]"	17984.74	9.9610468009022e-05	0.09482876779385561
882	"[[ 4]
 [ 9]
 [10]]"	13229.11	9.9610468009022e-05	0.10692956863973684
883	"[[ 4]
 [ 9]
 [11]
 [12]]"	18202.120000000003	9.9610468009022e-05	0.09776585537780737
884	"[[ 4]
 [ 9]
 [11]
 [13]]"	18213.6	9.9610468009022e-05	0.09592528049186427
885	"[[ 4]
 [ 9]
 [11]]"	13432.16	9.9610468009022e-05	0.10630298995516047
886	"[[ 4]
 [ 9]
 [12]]"	14062.470000000001	9.9610468009022e-05	0.11695482759295882
887	"[[ 4]
 [ 9]
 [13]]"	14092.22	9.9610468009022e-05	0.11748350335807013
888	"[[4]
 [9]]"	9262.41	9.9610468009022e-05	0.13778856885512325
889	"[[ 4]
 [10]
 [11]
 [12]]"	18353.67	9.9610468009022e-05	0.12860527500930077
890	"[[ 4]
 [10]
 [11]
 [13]]"	18475.59	9.9610468009022e-05	0.1397074660766384
891	"[[ 4]
 [10]
 [11]]"	13961.980000000001	9.9610468009022e-05	0.19275126784280708
892	"[[ 4]
 [10]
 [12]]"	13731.91	9.9610468009022e-05	0.11775763153257231
893	"[[ 4]
 [10]
 [13]]"	13797.1	9.9610468009022e-05	0.12349474261322473
894	"[[ 4]
 [10]]"	9109.98	9.9610468009022e-05	0.16543635331205578
895	"[[ 4]
 [11]
 [12]]"	13954.14	9.9610468009022e-05	0.11936323941179926
896	"[[ 4]
 [11]
 [13]]"	13992.49	9.9610468009022e-05	0.12200661823735584
897	"[[ 4]
 [11]]"	9241.83	9.9610468009022e-05	0.15858314894950168
898	"[[ 4]
 [12]
 [13]]"	14835.26	9.9610468009022e-05	0.14560122182843493
899	"[[ 4]
 [12]]"	9768.25	9.9610468009022e-05	0.14687395978148068
900	"[[ 4]
 [13]]"	9746.95	9.9610468009022e-05	0.14981104736543244
901	[[4]]	4906.89	9.9610468009022e-05	0.23110963168921697
902	"[[5]
 [6]
 [7]
 [8]]"	18676.07	9.9610468009022e-05	0.11529047796205283
903	"[[5]
 [6]
 [7]
 [9]]"	18912.91	9.9610468009022e-05	0.11912827240508311
904	"[[ 5]
 [ 6]
 [ 7]
 [10]]"	18694.96	9.9610468009022e-05	0.12572692917702805
905	"[[ 5]
 [ 6]
 [ 7]
 [11]]"	18907.340000000004	9.9610468009022e-05	0.12784163223747333
906	"[[5]
 [6]
 [7]]"	14671.13	9.9610468009022e-05	0.15114252707015724
907	"[[ 5]
 [ 6]
 [ 8]
 [ 9]
 [10]]"	22116.46	9.9610468009022e-05	0.08962033247831451
908	"[[ 5]
 [ 6]
 [ 8]
 [ 9]
 [11]]"	22346.44	9.9610468009022e-05	0.09108887627029039
909	"[[5]
 [6]
 [8]
 [9]]"	18414.989999999998	9.9610468009022e-05	0.11525131679426681
910	"[[ 5]
 [ 6]
 [ 8]
 [10]
 [11]]"	22260.190000000002	9.9610468009022e-05	0.10291554894166945
911	"[[ 5]
 [ 6]
 [ 8]
 [10]]"	17740.87	9.9610468009022e-05	0.09531828239118091
912	"[[ 5]
 [ 6]
 [ 8]
 [11]]"	17969.68	9.9610468009022e-05	0.09645395625697559
913	"[[ 5]
 [ 6]
 [ 8]
 [12]]"	18556.83	9.9610468009022e-05	0.10307219361281353
914	"[[ 5]
 [ 6]
 [ 8]
 [13]]"	18609.28	9.9610468009022e-05	0.10356170821013883
915	"[[5]
 [6]
 [8]]"	13806.34	9.9610468009022e-05	0.11321493606939359
916	"[[ 5]
 [ 6]
 [ 9]
 [10]
 [11]]"	22539.57	9.9610468009022e-05	0.10861349885453585
917	"[[ 5]
 [ 6]
 [ 9]
 [10]]"	17980.280000000002	9.9610468009022e-05	0.09852949814963483
918	"[[ 5]
 [ 6]
 [ 9]
 [11]]"	18220.629999999997	9.9610468009022e-05	0.10001762252550371
919	"[[ 5]
 [ 6]
 [ 9]
 [12]]"	18779.230000000003	9.9610468009022e-05	0.10430577039807327
920	"[[ 5]
 [ 6]
 [ 9]
 [13]]"	18820.97	9.9610468009022e-05	0.1045211568208964
921	"[[5]
 [6]
 [9]]"	14013.21	9.9610468009022e-05	0.11507509153922969
922	"[[ 5]
 [ 6]
 [10]
 [11]]"	18485.85	9.9610468009022e-05	0.1433886158485246
923	"[[ 5]
 [ 6]
 [10]
 [12]]"	18464.52	9.9610468009022e-05	0.10581347535783517
924	"[[ 5]
 [ 6]
 [10]
 [13]]"	18546.39	9.9610468009022e-05	0.1102386873176558
925	"[[ 5]
 [ 6]
 [10]]"	13788.14	9.9610468009022e-05	0.12525699516359579
926	"[[ 5]
 [ 6]
 [11]
 [12]]"	18683.41	9.9610468009022e-05	0.10624424820348143
927	"[[ 5]
 [ 6]
 [11]
 [13]]"	18750.06	9.9610468009022e-05	0.10939672221025631
928	"[[ 5]
 [ 6]
 [11]]"	14003.600000000002	9.9610468009022e-05	0.1261381214387813
929	"[[ 5]
 [ 6]
 [12]]"	14438.900000000001	9.9610468009022e-05	0.11899120831783204
930	"[[ 5]
 [ 6]
 [13]]"	14486.64	9.9610468009022e-05	0.12139962013667248
931	"[[5]
 [6]]"	9705.17	9.9610468009022e-05	0.15100546298290615
932	"[[ 5]
 [ 7]
 [ 8]
 [ 9]
 [10]]"	22238.78	9.9610468009022e-05	0.0899532024044957
933	"[[ 5]
 [ 7]
 [ 8]
 [ 9]
 [11]]"	22472.41	9.9610468009022e-05	0.09130426269311351
934	"[[5]
 [7]
 [8]
 [9]]"	18508.09	9.9610468009022e-05	0.11636741007616846
935	"[[ 5]
 [ 7]
 [ 8]
 [10]
 [11]]"	22386.98	9.9610468009022e-05	0.10526521900883085
936	"[[ 5]
 [ 7]
 [ 8]
 [10]]"	17827.17	9.9610468009022e-05	0.09402596385424214
937	"[[ 5]
 [ 7]
 [ 8]
 [11]]"	18049.9	9.9610468009022e-05	0.09437841436431635
938	"[[ 5]
 [ 7]
 [ 8]
 [12]]"	18680.489999999998	9.9610468009022e-05	0.10364003054571087
939	"[[ 5]
 [ 7]
 [ 8]
 [13]]"	18680.829999999998	9.9610468009022e-05	0.10258267901548825
940	"[[5]
 [7]
 [8]]"	13887.48	9.9610468009022e-05	0.11343032249221671
941	"[[ 5]
 [ 7]
 [ 9]
 [10]
 [11]]"	22670.79	9.9610468009022e-05	0.11223590687474301
942	"[[ 5]
 [ 7]
 [ 9]
 [10]]"	18066.29	9.9610468009022e-05	0.09782459712948641
943	"[[ 5]
 [ 7]
 [ 9]
 [11]]"	18303.93	9.9610468009022e-05	0.09860782048520687
944	"[[ 5]
 [ 7]
 [ 9]
 [12]]"	18872.390000000003	9.9610468009022e-05	0.1046973820759335
945	"[[ 5]
 [ 7]
 [ 9]
 [13]]"	18897.85	9.9610468009022e-05	0.10358128879403183
946	"[[5]
 [7]
 [9]]"	14105.84	9.9610468009022e-05	0.11595621781441523
947	"[[ 5]
 [ 7]
 [10]
 [11]]"	18652.94	9.9610468009022e-05	0.15488241859372245
948	"[[ 5]
 [ 7]
 [10]
 [12]]"	18598.03	9.9610468009022e-05	0.10847643476728476
949	"[[ 5]
 [ 7]
 [10]
 [13]]"	18646.4	9.9610468009022e-05	0.11160932819016663
950	"[[ 5]
 [ 7]
 [10]]"	13893.73	9.9610468009022e-05	0.13189481310332674
951	"[[ 5]
 [ 7]
 [11]
 [12]]"	18779.710000000003	9.9610468009022e-05	0.10624424820348143
952	"[[ 5]
 [ 7]
 [11]
 [13]]"	18842.99	9.9610468009022e-05	0.10961210863307944
953	"[[ 5]
 [ 7]
 [11]]"	14063.04	9.9610468009022e-05	0.12725421472068296
954	"[[ 5]
 [ 7]
 [12]]"	14546.64	9.9610468009022e-05	0.12155626480781657
955	"[[ 5]
 [ 7]
 [13]]"	14567.59	9.9610468009022e-05	0.12202619882124885
956	"[[5]
 [7]]"	9746.52	9.9610468009022e-05	0.15219987860037987
957	"[[ 5]
 [ 8]
 [ 9]
 [10]
 [11]]"	22117.780000000002	9.9610468009022e-05	0.1041882868947152
958	"[[ 5]
 [ 8]
 [ 9]
 [10]]"	17561.22	9.9610468009022e-05	0.09504415421667874
959	"[[ 5]
 [ 8]
 [ 9]
 [11]]"	17818.96	9.9610468009022e-05	0.09766795245834231
960	"[[ 5]
 [ 8]
 [ 9]
 [12]]"	18517.670000000002	9.9610468009022e-05	0.11012120381429774
961	"[[ 5]
 [ 8]
 [ 9]
 [13]]"	18595.49	9.9610468009022e-05	0.11358696716336081
962	"[[5]
 [8]
 [9]]"	13921.3	9.9610468009022e-05	0.140706075855182
963	"[[ 5]
 [ 8]
 [10]
 [11]]"	17827.88	9.9610468009022e-05	0.12249613283468112
964	"[[ 5]
 [ 8]
 [10]
 [12]]"	17796.62	9.9610468009022e-05	0.08932662371991933
965	"[[ 5]
 [ 8]
 [10]
 [13]]"	17873.8	9.9610468009022e-05	0.09003152474006774
966	"[[ 5]
 [ 8]
 [10]]"	13129.96	9.9610468009022e-05	0.10054629829061502
967	"[[ 5]
 [ 8]
 [11]
 [12]]"	18027.72	9.9610468009022e-05	0.09048187816960702
968	"[[ 5]
 [ 8]
 [11]
 [13]]"	18092.93	9.9610468009022e-05	0.090442717001821
969	"[[ 5]
 [ 8]
 [11]]"	13323.720000000001	9.9610468009022e-05	0.09888194865970903
970	"[[ 5]
 [ 8]
 [12]]"	13965.289999999999	9.9610468009022e-05	0.1113743611834505
971	"[[ 5]
 [ 8]
 [13]]"	13972.369999999999	9.9610468009022e-05	0.10986665622368859
972	"[[5]
 [8]]"	9214.880000000001	9.9610468009022e-05	0.1350277065262086
973	"[[ 5]
 [ 9]
 [10]
 [11]]"	18096.9	9.9610468009022e-05	0.13236474711675902
974	"[[ 5]
 [ 9]
 [10]
 [12]]"	18063.98	9.9610468009022e-05	0.09320357933073564
975	"[[ 5]
 [ 9]
 [10]
 [13]]"	18115.61	9.9610468009022e-05	0.09273364531730337
976	"[[ 5]
 [ 9]
 [10]]"	13379.82	9.9610468009022e-05	0.10708621331088093
977	"[[ 5]
 [ 9]
 [11]
 [12]]"	18307.82	9.9610468009022e-05	0.09451547845156742
978	"[[ 5]
 [ 9]
 [11]
 [13]]"	18350.42	9.9610468009022e-05	0.09384973859920503
979	"[[ 5]
 [ 9]
 [11]]"	13586.36	9.9610468009022e-05	0.10524563842493784
980	"[[ 5]
 [ 9]
 [12]]"	14217.400000000001	9.9610468009022e-05	0.11685692467349376
981	"[[ 5]
 [ 9]
 [13]]"	14190.48	9.9610468009022e-05	0.11211842337138493
982	"[[5]
 [9]]"	9379.05	9.9610468009022e-05	0.13444028900941826
983	"[[ 5]
 [10]
 [11]
 [12]]"	18534.25	9.9610468009022e-05	0.1318164907677547
984	"[[ 5]
 [10]
 [11]
 [13]]"	18656.62	9.9610468009022e-05	0.14479841788882145
985	"[[ 5]
 [10]
 [11]]"	14202.279999999999	9.9610468009022e-05	0.21448571596405006
986	"[[ 5]
 [10]
 [12]]"	13896.400000000001	9.9610468009022e-05	0.1190891112372971
987	"[[ 5]
 [10]
 [13]]"	13949.380000000001	9.9610468009022e-05	0.12472831939848446
988	"[[ 5]
 [10]]"	9288.61	9.9610468009022e-05	0.18047424174188875
989	"[[ 5]
 [11]
 [12]]"	14095.74	9.9610468009022e-05	0.11869749955943686
990	"[[ 5]
 [11]
 [13]]"	14123.989999999998	9.9610468009022e-05	0.12083178320377513
991	"[[ 5]
 [11]]"	9395.27	9.9610468009022e-05	0.16770770104364513
992	"[[ 5]
 [12]
 [13]]"	14990.86	9.9610468009022e-05	0.14814669773452643
993	"[[ 5]
 [12]]"	9870.39	9.9610468009022e-05	0.14519002956668167
994	"[[ 5]
 [13]]"	9851.71	9.9610468009022e-05	0.14650192868751347
995	[[5]]	4952.24	9.9610468009022e-05	0.23110963168921697
996	"[[ 6]
 [ 7]
 [ 8]
 [ 9]
 [10]
 [11]]"	26720.25	9.9610468009022e-05	0.09247909772669421
997	"[[ 6]
 [ 7]
 [ 8]
 [ 9]
 [10]]"	22307.21	9.9610468009022e-05	0.09048187816960702
998	"[[ 6]
 [ 7]
 [ 8]
 [ 9]
 [11]]"	22547.65	9.9610468009022e-05	0.09181335787433181
999	"[[ 6]
 [ 7]
 [ 8]
 [ 9]
 [12]]"	23204.68	9.9610468009022e-05	0.10011552544496877
1000	"[[ 6]
 [ 7]
 [ 8]
 [ 9]
 [13]]"	23232.87	9.9610468009022e-05	0.10009594486107576
1001	"[[6]
 [7]
 [8]
 [9]]"	18555.379999999997	9.9610468009022e-05	0.11215758453917096
1002	"[[ 6]
 [ 7]
 [ 8]
 [10]
 [11]]"	22463.01	9.9610468009022e-05	0.10322883828395762
1003	"[[ 6]
 [ 7]
 [ 8]
 [10]
 [12]]"	22593.11	9.9610468009022e-05	0.08799514401519454
1004	"[[ 6]
 [ 7]
 [ 8]
 [10]
 [13]]"	22663.43	9.9610468009022e-05	0.08781891876015743
1005	"[[ 6]
 [ 7]
 [ 8]
 [10]]"	17897.690000000002	9.9610468009022e-05	0.09428051144485129
1006	"[[ 6]
 [ 7]
 [ 8]
 [11]
 [12]]"	22856.64	9.9610468009022e-05	0.09005110532396077
1007	"[[ 6]
 [ 7]
 [ 8]
 [11]
 [13]]"	22917.07	9.9610468009022e-05	0.08981613831724462
1008	"[[ 6]
 [ 7]
 [ 8]
 [11]]"	18111.99	9.9610468009022e-05	0.09469170370660453
1009	"[[ 6]
 [ 7]
 [ 8]
 [12]]"	18758.010000000002	9.9610468009022e-05	0.10287638777388342
1010	"[[ 6]
 [ 7]
 [ 8]
 [13]]"	18797.33	9.9610468009022e-05	0.10399248105578508
1011	"[[6]
 [7]
 [8]]"	14044.18	9.9610468009022e-05	0.11611286248555933
1012	"[[ 6]
 [ 7]
 [ 9]
 [10]
 [11]]"	22757.68	9.9610468009022e-05	0.10884846586125198
1013	"[[ 6]
 [ 7]
 [ 9]
 [10]
 [12]]"	22886.45	9.9610468009022e-05	0.09138258502868556
1014	"[[ 6]
 [ 7]
 [ 9]
 [10]
 [13]]"	22956.24	9.9610468009022e-05	0.09157839086761567
1015	"[[ 6]
 [ 7]
 [ 9]
 [10]]"	18158.86	9.9610468009022e-05	0.09839243406238374
1016	"[[ 6]
 [ 7]
 [ 9]
 [11]
 [12]]"	23111.99	9.9610468009022e-05	0.0926357423978383
1017	"[[ 6]
 [ 7]
 [ 9]
 [11]
 [13]]"	23187.78	9.9610468009022e-05	0.09289028998844745
1018	"[[ 6]
 [ 7]
 [ 9]
 [11]]"	18370.809999999998	9.9610468009022e-05	0.0986665622368859
1019	"[[ 6]
 [ 7]
 [ 9]
 [12]]"	18966.52	9.9610468009022e-05	0.10438409273364532
1020	"[[ 6]
 [ 7]
 [ 9]
 [13]]"	19027.8	9.9610468009022e-05	0.10587221710951421
1021	"[[6]
 [7]
 [9]]"	14257.02	9.9610468009022e-05	0.12006814043194768
1022	"[[ 6]
 [ 7]
 [10]
 [11]
 [12]]"	23240.02	9.9610468009022e-05	0.1137436118345049
1023	"[[ 6]
 [ 7]
 [10]
 [11]
 [13]]"	23372.65	9.9610468009022e-05	0.12059681619705899
1024	"[[ 6]
 [ 7]
 [10]
 [11]]"	18709.399999999998	9.9610468009022e-05	0.14244874782166003
1025	"[[ 6]
 [ 7]
 [10]
 [12]]"	18668.49	9.9610468009022e-05	0.10675334338469973
1026	"[[ 6]
 [ 7]
 [10]
 [13]]"	18743.75	9.9610468009022e-05	0.10963168921697244
1027	"[[ 6]
 [ 7]
 [10]]"	14063.3	9.9610468009022e-05	0.13026962464020678
1028	"[[ 6]
 [ 7]
 [11]
 [12]]"	18859.440000000002	9.9610468009022e-05	0.10595053944508626
1029	"[[ 6]
 [ 7]
 [11]
 [13]]"	18951.809999999998	9.9610468009022e-05	0.11008204264651172
1030	"[[ 6]
 [ 7]
 [11]]"	14273.58	9.9610468009022e-05	0.13156194317714553
1031	"[[ 6]
 [ 7]
 [12]
 [13]]"	19603.489999999998	9.9610468009022e-05	0.11762056744532122
1032	"[[ 6]
 [ 7]
 [12]]"	14641.600000000002	9.9610468009022e-05	0.1194219811634783
1033	"[[ 6]
 [ 7]
 [13]]"	14721.76	9.9610468009022e-05	0.12515909224413072
1034	"[[6]
 [7]]"	10017.25	9.9610468009022e-05	0.16539719214426973
1035	"[[ 6]
 [ 8]
 [ 9]
 [10]
 [11]]"	21913.71	9.9610468009022e-05	0.0914609073642576
1036	"[[ 6]
 [ 8]
 [ 9]
 [10]
 [12]]"	22175.609999999997	9.9610468009022e-05	0.08255174169293729
1037	"[[ 6]
 [ 8]
 [ 9]
 [10]
 [13]]"	22281.68	9.9610468009022e-05	0.08335454563255076
1038	"[[ 6]
 [ 8]
 [ 9]
 [10]]"	17487.61	9.9610468009022e-05	0.08707485657222298
1039	"[[ 6]
 [ 8]
 [ 9]
 [11]
 [12]]"	22431.559999999998	9.9610468009022e-05	0.08447063891445243
1040	"[[ 6]
 [ 8]
 [ 9]
 [11]
 [13]]"	22488.65	9.9610468009022e-05	0.08394196314934112
1041	"[[ 6]
 [ 8]
 [ 9]
 [11]]"	17727.03	9.9610468009022e-05	0.08915039846488222
1042	"[[ 6]
 [ 8]
 [ 9]
 [12]]"	18438.969999999998	9.9610468009022e-05	0.10136868281412152
1043	"[[ 6]
 [ 8]
 [ 9]
 [13]]"	18509.46	9.9610468009022e-05	0.10318967711617161
1044	"[[6]
 [8]
 [9]]"	13805.83	9.9610468009022e-05	0.1184233713849347
1045	"[[ 6]
 [ 8]
 [10]
 [11]
 [12]]"	22293.18	9.9610468009022e-05	0.09273364531730337
1046	"[[ 6]
 [ 8]
 [10]
 [11]
 [13]]"	22363.480000000003	9.9610468009022e-05	0.0943000920287443
1047	"[[ 6]
 [ 8]
 [10]
 [11]]"	17727.05	9.9610468009022e-05	0.10806524250553151
1048	"[[ 6]
 [ 8]
 [10]
 [12]]"	17748.739999999998	9.9610468009022e-05	0.08447063891445243
1049	"[[ 6]
 [ 8]
 [10]
 [13]]"	17831.53	9.9610468009022e-05	0.08462728358559653
1050	"[[ 6]
 [ 8]
 [10]]"	13083.05	9.9610468009022e-05	0.09175461612265277
1051	"[[ 6]
 [ 8]
 [11]
 [12]]"	17992.56	9.9610468009022e-05	0.08523428168627989
1052	"[[ 6]
 [ 8]
 [11]
 [13]]"	18042.129999999997	9.9610468009022e-05	0.08419651073995027
1053	"[[ 6]
 [ 8]
 [11]]"	13267.56	9.9610468009022e-05	0.08954201014274246
1054	"[[ 6]
 [ 8]
 [12]
 [13]]"	18882.86	9.9610468009022e-05	0.10426660923028724
1055	"[[ 6]
 [ 8]
 [12]]"	13875.46	9.9610468009022e-05	0.0989994321630671
1056	"[[ 6]
 [ 8]
 [13]]"	13925.509999999998	9.9610468009022e-05	0.09976307493489456
1057	"[[6]
 [8]]"	9133.37	9.9610468009022e-05	0.11131561943177146
1058	"[[ 6]
 [ 9]
 [10]
 [11]
 [12]]"	22545.020000000004	9.9610468009022e-05	0.09617982808247343
1059	"[[ 6]
 [ 9]
 [10]
 [11]
 [13]]"	22641.940000000002	9.9610468009022e-05	0.09894069041138807
1060	"[[ 6]
 [ 9]
 [10]
 [11]]"	17979.48	9.9610468009022e-05	0.1143897711029743
1061	"[[ 6]
 [ 9]
 [10]
 [12]]"	17979.03	9.9610468009022e-05	0.08617414971314445
1062	"[[ 6]
 [ 9]
 [10]
 [13]]"	18071.93	9.9610468009022e-05	0.08678114781382781
1063	"[[ 6]
 [ 9]
 [10]]"	13340.99	9.9610468009022e-05	0.0963168921697245
1064	"[[ 6]
 [ 9]
 [11]
 [12]]"	18244.28	9.9610468009022e-05	0.08758395175344129
1065	"[[ 6]
 [ 9]
 [11]
 [13]]"	18302.8	9.9610468009022e-05	0.08705527598832997
1066	"[[ 6]
 [ 9]
 [11]]"	13532.369999999999	9.9610468009022e-05	0.09406512502202816
1067	"[[ 6]
 [ 9]
 [12]
 [13]]"	19115.11	9.9610468009022e-05	0.10698831039141588
1068	"[[ 6]
 [ 9]
 [12]]"	14086.68	9.9610468009022e-05	0.10070294296175912
1069	"[[ 6]
 [ 9]
 [13]]"	14147.65	9.9610468009022e-05	0.10125119931076344
1070	"[[6]
 [9]]"	9338.36	9.9610468009022e-05	0.11368487008282586
1071	"[[ 6]
 [10]
 [11]
 [12]]"	18485.16	9.9610468009022e-05	0.11914785298897614
1072	"[[ 6]
 [10]
 [11]
 [13]]"	18601.260000000002	9.9610468009022e-05	0.12725421472068296
1073	"[[ 6]
 [10]
 [11]]"	14076.86	9.9610468009022e-05	0.1700377905269135
1074	"[[ 6]
 [10]
 [12]
 [13]]"	18783.42	9.9610468009022e-05	0.1053435413444029
1075	"[[ 6]
 [10]
 [12]]"	13863.559999999998	9.9610468009022e-05	0.10749740557263418
1076	"[[ 6]
 [10]
 [13]]"	13941.219999999998	9.9610468009022e-05	0.11178555344520373
1077	"[[ 6]
 [10]]"	9232.86	9.9610468009022e-05	0.14094104286189815
1078	"[[ 6]
 [11]
 [12]
 [13]]"	19027.09	9.9610468009022e-05	0.1076932114115643
1079	"[[ 6]
 [11]
 [12]]"	14036.369999999999	9.9610468009022e-05	0.1051868966732588
1080	"[[ 6]
 [11]
 [13]]"	14105.31	9.9610468009022e-05	0.10902469111628908
1081	"[[ 6]
 [11]]"	9377.51	9.9610468009022e-05	0.13424448317048815
1082	"[[ 6]
 [12]
 [13]]"	14781.68	9.9610468009022e-05	0.12138003955277947
1083	"[[ 6]
 [12]]"	9755.44	9.9610468009022e-05	0.11775763153257231
1084	"[[ 6]
 [13]]"	9770.66	9.9610468009022e-05	0.11814924321043253
1085	[[6]]	5002.08	9.9610468009022e-05	0.16539719214426973
1086	"[[ 7]
 [ 8]
 [ 9]
 [10]
 [11]]"	22083.22	9.9610468009022e-05	0.0943000920287443
1087	"[[ 7]
 [ 8]
 [ 9]
 [10]
 [12]]"	22290.72	9.9610468009022e-05	0.08263006402850934
1088	"[[ 7]
 [ 8]
 [ 9]
 [10]
 [13]]"	22370.48	9.9610468009022e-05	0.08247341935736524
1089	"[[ 7]
 [ 8]
 [ 9]
 [10]]"	17611.870000000003	9.9610468009022e-05	0.08723150124336708
1090	"[[ 7]
 [ 8]
 [ 9]
 [11]
 [12]]"	22574.96	9.9610468009022e-05	0.08515595935070784
1091	"[[ 7]
 [ 8]
 [ 9]
 [11]
 [13]]"	22649.460000000003	9.9610468009022e-05	0.0852538622701729
1092	"[[ 7]
 [ 8]
 [ 9]
 [11]]"	17854.79	9.9610468009022e-05	0.09020774999510485
1093	"[[ 7]
 [ 8]
 [ 9]
 [12]]"	18570.14	9.9610468009022e-05	0.10273932368663234
1094	"[[ 7]
 [ 8]
 [ 9]
 [13]]"	18635.59	9.9610468009022e-05	0.10499109083432868
1095	"[[7]
 [8]
 [9]]"	13964.91	9.9610468009022e-05	0.1264318301971765
1096	"[[ 7]
 [ 8]
 [10]
 [11]
 [12]]"	22396.190000000002	9.9610468009022e-05	0.09269448414951734
1097	"[[ 7]
 [ 8]
 [10]
 [11]
 [13]]"	22496.95	9.9610468009022e-05	0.09539660472675295
1098	"[[ 7]
 [ 8]
 [10]
 [11]]"	17873.33	9.9610468009022e-05	0.11241213212978012
1099	"[[ 7]
 [ 8]
 [10]
 [12]]"	17868.309999999998	9.9610468009022e-05	0.08464686416948954
1100	"[[ 7]
 [ 8]
 [10]
 [13]]"	17903.77	9.9610468009022e-05	0.0827475475318674
1101	"[[ 7]
 [ 8]
 [10]]"	13203.009999999998	9.9610468009022e-05	0.09200916371326193
1102	"[[ 7]
 [ 8]
 [11]
 [12]]"	18091.26	9.9610468009022e-05	0.08466644475338254
1103	"[[ 7]
 [ 8]
 [11]
 [13]]"	18149.9	9.9610468009022e-05	0.08347202913590883
1104	"[[ 7]
 [ 8]
 [11]]"	13383.95	9.9610468009022e-05	0.08922872080045427
1105	"[[ 7]
 [ 8]
 [12]
 [13]]"	19011.8	9.9610468009022e-05	0.10598970061287227
1106	"[[ 7]
 [ 8]
 [12]]"	13988.05	9.9610468009022e-05	0.0998218166865736
1107	"[[ 7]
 [ 8]
 [13]]"	14037.59	9.9610468009022e-05	0.10066378179397309
1108	"[[7]
 [8]]"	9253.560000000001	9.9610468009022e-05	0.11585831489495017
1109	"[[ 7]
 [ 9]
 [10]
 [11]
 [12]]"	22667.670000000002	9.9610468009022e-05	0.09733508253216111
1110	"[[ 7]
 [ 9]
 [10]
 [11]
 [13]]"	22770.92	9.9610468009022e-05	0.10037007303557792
1111	"[[ 7]
 [ 9]
 [10]
 [11]]"	18162.82	9.9610468009022e-05	0.12171290947896066
1112	"[[ 7]
 [ 9]
 [10]
 [12]]"	18115.21	9.9610468009022e-05	0.08680072839772082
1113	"[[ 7]
 [ 9]
 [10]
 [13]]"	18165.73	9.9610468009022e-05	0.08580211861917722
1114	"[[ 7]
 [ 9]
 [10]]"	13456.029999999999	9.9610468009022e-05	0.0976483718744493
1115	"[[ 7]
 [ 9]
 [11]
 [12]]"	18339.32	9.9610468009022e-05	0.08691821190107889
1116	"[[ 7]
 [ 9]
 [11]
 [13]]"	18407.68	9.9610468009022e-05	0.08635037496818156
1117	"[[ 7]
 [ 9]
 [11]]"	13638.37	9.9610468009022e-05	0.09351686867302383
1118	"[[ 7]
 [ 9]
 [12]
 [13]]"	19231.7	9.9610468009022e-05	0.10816314542499657
1119	"[[ 7]
 [ 9]
 [12]]"	14191.490000000002	9.9610468009022e-05	0.10072252354565213
1120	"[[ 7]
 [ 9]
 [13]]"	14233.21	9.9610468009022e-05	0.0998413972704666
1121	"[[7]
 [9]]"	9418.41	9.9610468009022e-05	0.11262751855260324
1122	"[[ 7]
 [10]
 [11]
 [12]]"	18614.350000000002	9.9610468009022e-05	0.12331851735818762
1123	"[[ 7]
 [10]
 [11]
 [13]]"	18747.34	9.9610468009022e-05	0.13530183470071078
1124	"[[ 7]
 [10]
 [11]]"	14254.939999999999	9.9610468009022e-05	0.19300581543341622
1125	"[[ 7]
 [10]
 [12]
 [13]]"	18892.8	9.9610468009022e-05	0.10726243856591804
1126	"[[ 7]
 [10]
 [12]]"	13959.099999999999	9.9610468009022e-05	0.10910301345186113
1127	"[[ 7]
 [10]
 [13]]"	14035.14	9.9610468009022e-05	0.11360654774725382
1128	"[[ 7]
 [10]]"	9379.71	9.9610468009022e-05	0.1594642752246872
1129	"[[ 7]
 [11]
 [12]
 [13]]"	19137.260000000002	9.9610468009022e-05	0.11008204264651172
1130	"[[ 7]
 [11]
 [12]]"	14177.2	9.9610468009022e-05	0.10859391827064283
1131	"[[ 7]
 [11]
 [13]]"	14206.27	9.9610468009022e-05	0.10998413972704665
1132	"[[ 7]
 [11]]"	9485.75	9.9610468009022e-05	0.14565996358011396
1133	"[[ 7]
 [12]
 [13]]"	14941.72	9.9610468009022e-05	0.1284877915059427
1134	"[[ 7]
 [12]]"	9835.279999999999	9.9610468009022e-05	0.1194415617473713
1135	"[[ 7]
 [13]]"	9848.650000000001	9.9610468009022e-05	0.11795343737150242
1136	[[7]]	5015.17	9.9610468009022e-05	0.16539719214426973
1137	"[[ 8]
 [ 9]
 [10]
 [11]
 [12]]"	22061.489999999998	9.9610468009022e-05	0.08956159072663547
1138	"[[ 8]
 [ 9]
 [10]
 [11]
 [13]]"	22176.379999999997	9.9610468009022e-05	0.09226371130387108
1139	"[[ 8]
 [ 9]
 [10]
 [11]]"	17564.36	9.9610468009022e-05	0.10922049695521921
1140	"[[ 8]
 [ 9]
 [10]
 [12]
 [13]]"	22622.64	9.9610468009022e-05	0.09075600634410919
1141	"[[ 8]
 [ 9]
 [10]
 [12]]"	17657.059999999998	9.9610468009022e-05	0.08654618080711167
1142	"[[ 8]
 [ 9]
 [10]
 [13]]"	17726.29	9.9610468009022e-05	0.08752521000176225
1143	"[[ 8]
 [ 9]
 [10]]"	13013.19	9.9610468009022e-05	0.09837285347849073
1144	"[[ 8]
 [ 9]
 [11]
 [12]
 [13]]"	22862.44	9.9610468009022e-05	0.09265532298173132
1145	"[[ 8]
 [ 9]
 [11]
 [12]]"	17944.46	9.9610468009022e-05	0.09034481408235594
1146	"[[ 8]
 [ 9]
 [11]
 [13]]"	17986.57	9.9610468009022e-05	0.09026649174678389
1147	"[[ 8]
 [ 9]
 [11]]"	13282.470000000001	9.9610468009022e-05	0.10407080339135713
1148	"[[ 8]
 [ 9]
 [12]
 [13]]"	18894.829999999998	9.9610468009022e-05	0.11343032249221671
1149	"[[ 8]
 [ 9]
 [12]]"	13915.349999999999	9.9610468009022e-05	0.1137240312506119
1150	"[[ 8]
 [ 9]
 [13]]"	14038.689999999999	9.9610468009022e-05	0.12198703765346283
1151	"[[8]
 [9]]"	9442.029999999999	9.9610468009022e-05	0.17409097139276694
1152	"[[ 8]
 [10]
 [11]
 [12]
 [13]]"	22667.63	9.9610468009022e-05	0.09811830588788158
1153	"[[ 8]
 [10]
 [11]
 [12]]"	17834.0	9.9610468009022e-05	0.10270016251884631
1154	"[[ 8]
 [10]
 [11]
 [13]]"	17937.08	9.9610468009022e-05	0.10830020951224766
1155	"[[ 8]
 [10]
 [11]]"	13402.08	9.9610468009022e-05	0.1428599400834133
1156	"[[ 8]
 [10]
 [12]
 [13]]"	18212.79	9.9610468009022e-05	0.09494625129721368
1157	"[[ 8]
 [10]
 [12]]"	13173.51	9.9610468009022e-05	0.08699653423665094
1158	"[[ 8]
 [10]
 [13]]"	13246.71	9.9610468009022e-05	0.08703569540443697
1159	"[[ 8]
 [10]]"	8576.79	9.9610468009022e-05	0.10792817841828044
1160	"[[ 8]
 [11]
 [12]
 [13]]"	18484.38	9.9610468009022e-05	0.09819662822345362
1161	"[[ 8]
 [11]
 [12]]"	13400.16	9.9610468009022e-05	0.0882692721896967
1162	"[[ 8]
 [11]
 [13]]"	13456.17	9.9610468009022e-05	0.08666366431046973
1163	"[[ 8]
 [11]]"	8757.86	9.9610468009022e-05	0.10422744806250123
1164	"[[ 8]
 [12]
 [13]]"	14446.940000000002	9.9610468009022e-05	0.12151710364003054
1165	"[[ 8]
 [12]]"	9365.48	9.9610468009022e-05	0.11489886628419259
1166	"[[ 8]
 [13]]"	9330.7	9.9610468009022e-05	0.11135478059955747
1167	[[8]]	4659.33	9.9610468009022e-05	0.17409097139276694
1168	"[[ 9]
 [10]
 [11]
 [12]
 [13]]"	22952.510000000002	9.9610468009022e-05	0.10407080339135713
1169	"[[ 9]
 [10]
 [11]
 [12]]"	18127.51	9.9610468009022e-05	0.11008204264651172
1170	"[[ 9]
 [10]
 [11]
 [13]]"	18216.370000000003	9.9610468009022e-05	0.11668069941845666
1171	"[[ 9]
 [10]
 [11]]"	13677.71	9.9610468009022e-05	0.16128526952673727
1172	"[[ 9]
 [10]
 [12]
 [13]]"	18464.03	9.9610468009022e-05	0.09837285347849073
1173	"[[ 9]
 [10]
 [12]]"	13442.06	9.9610468009022e-05	0.09089307043136026
1174	"[[ 9]
 [10]
 [13]]"	13520.119999999999	9.9610468009022e-05	0.09238119480722916
1175	"[[ 9]
 [10]]"	8840.69	9.9610468009022e-05	0.12149752305613754
1176	"[[ 9]
 [11]
 [12]
 [13]]"	18733.15	9.9610468009022e-05	0.1013491022302285
1177	"[[ 9]
 [11]
 [12]]"	13649.130000000001	9.9610468009022e-05	0.09124552094143447
1178	"[[ 9]
 [11]
 [13]]"	13691.310000000001	9.9610468009022e-05	0.08905249554541717
1179	"[[ 9]
 [11]]"	8991.59	9.9610468009022e-05	0.11098274950559026
1180	"[[ 9]
 [12]
 [13]]"	14655.990000000002	9.9610468009022e-05	0.12560944567367
1181	"[[ 9]
 [12]]"	9580.5	9.9610468009022e-05	0.11899120831783204
1182	"[[ 9]
 [13]]"	9548.57	9.9610468009022e-05	0.11354780599557479
1183	[[9]]	4782.7	9.9610468009022e-05	0.17409097139276694
1184	"[[10]
 [11]
 [12]
 [13]]"	18890.46	9.9610468009022e-05	0.13228642478118696
1185	"[[10]
 [11]
 [12]]"	14101.8	9.9610468009022e-05	0.15206281451312878
1186	"[[10]
 [11]
 [13]]"	14234.58	9.9610468009022e-05	0.1750700005874175
1187	"[[10]
 [11]]"	9929.23	9.9610468009022e-05	0.3130347946975779
1188	"[[10]
 [12]
 [13]]"	14301.06	9.9610468009022e-05	0.12539405925084687
1189	"[[10]
 [12]]"	9331.74	9.9610468009022e-05	0.12974094887509546
1190	"[[10]
 [13]]"	9411.59	9.9610468009022e-05	0.14487674022439348
1191	[[10]]	4949.0	9.9610468009022e-05	0.3130347946975779
1192	"[[11]
 [12]
 [13]]"	14531.68	9.9610468009022e-05	0.12815492157976152
1193	"[[11]
 [12]]"	9492.99	9.9610468009022e-05	0.12607937968710228
1194	"[[11]
 [13]]"	9556.16	9.9610468009022e-05	0.1363396056470404
1195	[[11]]	4980.23	9.9610468009022e-05	0.3130347946975779
1196	"[[12]
 [13]]"	10373.27	9.9610468009022e-05	0.16302794149321534
1197	[[12]]	5219.04	9.9610468009022e-05	0.16302794149321534
1198	[[13]]	5154.23	9.9610468009022e-05	0.16302794149321534
1199	[]	0.0	9.9610468009022e-05	0.9989034873019913
